10980
15639
11314
14974
12644
14308
13643
37934
11979
10980
10980
10981
10980
10981
10981
11313
10981
10981
10980
12978
11313
13310
13975
14308
13975
13975
13310
12312
11313
13643
14309
14308
15306
13643
14308
13976
13643
11313
10981
10981
11647
12977
13310
285832
16304
15639
15639
14974
15306
14974
15307
15307
14974
14974
14308
14974
14974
236917
14974
14308
14641
13976
13642
13310
14641
13976
14641
13643
13975
14308
13643
14641
14641
13976
15639
14308
14308
14308
14641
14308
14641
12978
11314
10316
10648
10648
17303
14973
14308
12644
12977
10315
9982
9983
9982
11979
12644
10315
9982
11979
9983
9650
9650
9982
9650
9983
9650
9650
9649
9983
9650
9650
9650
9650
9650
9650
9650
9982
9650
9983
9982
9650
9650
9650
9983
9649
9982
9650
9983
9650
9650
9650
9982
9317
12977
9983
9650
9650
9649
9650
9649
9650
9649
9650
9317
9650
9650
9317
9649
9650
9982
9317
9649
9650
11979
11646
9982
9983
9650
9649
9650
9649
9317
9982
9650
9650
9650
9317
9649
12645
10315
9649
10981
9650
9983
9317
9650
9649
9317
9317
9649
9650
9650
9317
9650
9650
9650
9317
9317
9650
9650
9317
9649
9650
9650
9650
9649
9317
9649
9650
9317
9650
9317
9317
9317
9317
9317
9317
9317
9317
9317
9317
9317
10981
14641
10648
9317
9650
9317
9317
9650
9317
9317
9650
9317
10981
11979
11979
11646
11979
13976
11979
12645
12644
12312
11978
9983
9317
9317
11313
9982
10315
9649
13975
13310
12312
13310
12312
12645
11979
12645
13310
13975
13642
13310
15972
13975
13643
13643
13975
14308
13975
13643
13310
13976
13975
13642
13643
13975
13643
13976
13975
13643
13642
13643
13643
13643
13642
13643
13310
13643
13310
13642
13643
13643
13310
13643
13310
13642
13643
13642
13642
15639
13642
13643
13310
13642
11979
11979
12977
12645
11979
9982
8984
9317
8984
10648
8652
8984
8984
8984
8984
8984
8652
8984
8984
8984
8652
8652
8984
8984
8984
9982
13643
14973
11313
11314
11647
11979
11646
11979
11646
11313
11646
11313
11313
11646
12312
11313
11646
11646
11314
11314
11646
12312
11646
11646
10981
12311
11314
44588
11979
11979
11979
11313
11314
9650
8984
8652
8651
8651
8652
8652
10981
9317
8984
12312
9317
8984
8652
8652
8651
8651
11314
11979
13643
13975
16638
11646
11979
11979
13310
11646
12644
11646
11313
9983
11313
8984
8652
8652
8984
8651
8319
8651
8652
8651
8651
8652
9650
8984
8651
8651
8319
8318
8652
8652
8319
8319
8985
9650
8651
8651
8651
8651
8652
8651
8652
8651
39930
8984
8652
8651
8319
8651
8319
8319
8319
8651
8651
8319
8984
8319
8652
8652
8651
8319
8319
8319
11646
8652
11646
11314
10981
11646
9650
8652
11979
8652
8319
8318
8319
7986
8319
8319
8652
8319
9982
8651
8319
8319
8319
8319
8319
8319
8318
8319
7986
8319
8319
8319
7986
8319
8318
8319
8319
8651
8319
8985
8651
8318
8319
8319
7986
8318
8319
8319
8318
14974
8651
8319
7986
8319
8319
8652
8319
8319
8319
8985
8319
8318
7986
7986
8318
8319
8319
7986
8319
7986
8319
8318
7986
8319
8319
8319
8319
8319
7986
40596
8651
8319
7986
7986
7986
8319
7986
8319
8652
8985
8318
7986
8318
7986
7986
7986
7986
7986
38266
8319
8319
7986
7986
7986
7986
7986
7986
8319
7986
7986
8319
7986
7653
7986
7986
7986
7653
7653
7986
8319
7986
7985
7986
7986
7986
7986
7653
7986
19632
10980
8651
7986
7986
7986
7653
7653
10315
8318
7986
7653
7986
7653
10648
9983
10315
10648
10648
8984
7986
7653
7986
7986
7653
7653
7986
8652
8319
9650
10648
9317
7653
9650
9317
9649
8651
7986
7986
7986
7653
8319
7986
7653
7986
8319
7986
7654
7986
7986
7653
7653
7653
7986
7986
7986
7320
7653
7653
7986
7986
7653
7654
7653
7653
7653
31278
7986
7654
7654
7654
7320
7653
7986
7653
9317
7986
7653
7320
7653
7653
7653
7653
7986
7653
7653
7653
7653
7653
7653
7320
7654
7321
7653
7320
7653
7653
7321
7321
7320
7653
7321
7653
7986
7653
7653
7320
7321
7653
7653
7653
7321
7321
15972
8319
7320
7653
7320
7654
7653
7320
7653
7653
7986
7654
7653
6987
7320
7321
7320
7320
7320
7321
7320
7320
7321
7321
7320
7320
7321
7653
7321
7321
7321
7986
7653
7321
7321
7320
7321
7321
7653
7320
7320
14641
7986
7320
7320
7320
7321
7320
7321
7320
7321
7653
7654
6987
6988
6987
6988
7321
7320
6988
7320
6988
7320
7320
6988
7321
7320
7321
7320
7320
6988
7321
7320
7653
7320
7321
7320
7321
6988
6988
7321
7320
6988
8651
7653
7321
7320
7321
6987
6988
6987
7321
6987
39264
7653
7321
6988
7320
6988
6987
6988
7321
7320
6988
6988
6655
6988
6988
6988
6988
6988
6988
6988
6988
6988
7320
6987
6988
6655
6655
6988
6988
6988
6987
10315
7653
6988
6988
7320
6988
6655
6988
6988
6988
7320
7653
7320
6988
15972
8319
6988
6988
9317
7321
6988
6655
6988
6655
6988
6655
6655
6987
6987
6655
9317
7321
6987
6655
6655
6655
6655
6655
6655
6655
6655
6655
7321
6988
6988
6988
6988
6988
6655
6655
6987
6655
6987
7321
6655
6655
6655
6988
6655
6655
6988
6655
6655
6655
6655
6655
6655
6655
6655
6988
6655
6655
6655
6655
6988
6655
6655
6655
6655
6655
6655
6655
6655
6655
6655
6987
6655
6655
6655
6655
6655
6655
6655
6655
6322
9317
6655
6655
6655
6655
6655
6323
6655
6655
6323
6322
6987
6323
6655
6655
6655
6655
6655
6322
6655
6655
6322
6655
6322
6655
6655
6322
6322
6655
6323
6655
6655
6655
6655
6655
6987
6987
6322
6655
6655
6655
6655
6655
6322
6322
6655
6655
6322
6322
6322
6322
6323
6655
6322
6322
6323
6655
6323
6322
6322
6322
6322
5989
162714
52242
9649
104484
8652
15972
8319
8652
8318
8652
7986
8652
8985
8651
8651
8319
7986
7986
8985
8318
8319
8652
6655
5989
6322
6323
6655
5990
6322
6322
5990
5989
6323
5989
5990
5989
108144
6988
6322
6322
5990
5990
6322
5990
5989
6322
5989
6322
6323
5989
5990
6322
5989
5989
5990
6655
6322
5990
5990
5989
5990
5989
5989
5990
5989
6655
5989
6323
6322
5989
5989
5990
5990
5989
5989
6323
6323
5990
5989
5990
5657
5989
5656
5989
5990
5990
5657
5990
5656
5990
5657
5990
5989
5990
5657
5657
5989
5989
5989
5656
5989
5990
5657
5989
5657
5990
5657
5657
5657
5989
5657
5657
5657
5989
5657
5657
5989
5989
5657
5989
5990
5657
5657
5990
5989
5657
5324
5657
5657
5656
5656
5656
5656
5990
5657
5657
5657
5657
5657
5657
5990
5657
5657
5657
5657
5657
5324
5989
5656
5989
5657
5989
5657
5657
5324
5656
5656
5656
5657
6322
5657
5657
5324
5324
5657
5657
5656
5656
5656
5656
7986
5657
5657
5657
5324
5324
5657
5324
5324
5656
5656
5656
5657
5657
5324
5657
5324
5656
5657
5656
5324
5657
5657
5657
5324
7654
5657
5324
5657
5657
5324
5657
5324
5324
5324
5657
4991
37268
5656
5657
4991
5656
5657
5324
5324
5657
5656
5324
5324
5657
5324
5656
5324
5657
5324
5324
5324
5324
5324
5324
5324
5324
5324
5324
4991
5324
5657
5324
4992
5324
5324
4992
4991
4991
35604
5324
5324
5324
5324
5324
5324
5324
5324
4991
4991
5990
5324
5324
4992
5324
5324
5324
5324
4991
5324
4992
7320
5324
4991
5324
4991
5324
4991
5324
5324
4992
4991
5324
4991
4991
4991
4991
5324
4991
4992
4991
4992
4991
4992
5324
4992
4991
5324
5324
4991
4991
4991
4992
4991
4991
5324
4991
4991
4991
35604
5324
4991
4659
4991
4992
4991
5324
4991
4991
4992
4991
5324
5324
4659
4991
4991
4991
4991
4991
4992
4991
4659
4992
4992
5324
4991
4991
4992
4991
4991
4659
4991
4991
4991
4659
4991
4991
5657
5324
4991
5990
4659
4992
4991
6323
4659
4991
4992
4991
4658
4992
4991
4658
4991
4991
6322
4991
4658
4659
4991
4992
4658
4991
4659
4658
4658
4659
4992
4658
4659
4659
4659
4658
4326
4659
5324
4991
4659
4658
4659
4992
4658
4658
4659
4659
4659
4325
4991
4658
4326
4659
4659
4659
4658
4659
4326
4659
4659
4658
5657
4991
4658
4326
4659
4658
4326
4326
4658
4658
4659
4659
4659
4326
4325
4658
4326
4326
4658
4325
4658
4326
4659
4326
4658
4658
4659
4659
4326
4326
4326
4326
4659
4659
4326
4992
4659
4658
5657
5990
6655
4659
4326
8984
5990
6655
4658
4326
4326
4325
4325
4326
4325
4992
4659
4325
4325
4326
4326
4326
4326
4326
4326
4326
3993
3993
4325
4326
4658
4326
4326
4326
4325
4325
3993
3993
3993
4326
3993
3993
4325
4659
4326
3993
4326
4326
3993
3993
4326
4326
3993
4326
3993
4325
4325
4325
3993
3993
3993
4326
4325
4326
3993
3993
3993
3993
3993
3993
3993
3993
4326
3993
3993
4325
4326
3993
3993
3993
4326
3993
4659
4659
4326
3660
4325
4325
3993
3993
4326
3993
3993
4659
4326
3993
3993
3993
3993
3993
3993
3993
3993
3993
3993
3993
6987
4991
3993
3660
3993
3993
3993
3661
3993
3993
3661
3660
3993
3993
3993
3993
3660
3660
3993
3993
3993
3993
3993
3993
3993
3993
3993
3660
3993
3660
3993
3661
3993
3660
3993
3660
3993
35272
4326
3993
3993
3993
3661
3660
3660
3660
3993
3660
3660
3660
3993
3993
3993
3660
3993
3660
3660
3660
3993
3660
3993
3660
3661
3327
3660
3993
3660
3660
3993
3661
3660
3328
3660
3661
3660
3660
3993
3993
3661
3660
3660
3660
3661
3660
3328
3660
3660
3993
3993
3660
3660
3328
3660
3660
3660
3327
3328
3660
3661
3327
3993
3660
3660
3327
3661
3660
3661
3660
3660
3660
3660
3328
3660
3660
3327
3661
3328
3327
3660
3327
3328
3327
3660
3327
3661
3327
3327
3328
31279
3660
3328
3327
3660
3328
3327
3327
3660
3328
3327
3327
3993
3660
3660
3327
3660
3660
3328
2995
3327
3327
3660
3328
3328
3660
3327
3328
3328
3327
3327
3327
3328
3328
3328
3328
3328
3327
3327
2994
3327
3327
3328
2995
3660
3328
3328
3328
3328
3328
3328
3328
2995
3328
4325
4659
3660
3327
3328
3328
3328
2995
2995
2994
3993
3327
3327
2995
3328
3328
3328
3328
2995
3328
3328
2995
2995
2995
3327
2994
3327
2994
4992
4992
4659
4659
4658
4659
4326
4326
4326
4991
5324
4659
5324
4325
4991
5324
4658
4326
3327
2995
2995
2995
2994
3327
2995
2995
2995
2995
2994
2995
33940
2995
2995
4992
2995
2995
2995
2995
2995
2995
3327
2662
2995
2995
3328
2662
2995
2662
2994
2662
2995
2995
2995
2994
2995
2994
2994
2662
2662
2662
2995
2662
2995
2995
2995
2662
3328
2994
2995
2995
2995
2995
2995
2662
2662
2662
2994
2662
2662
2662
3327
2662
2995
2662
2662
2662
2662
2662
2995
2662
2994
2994
2995
2329
2662
2662
2662
2662
2995
2662
2995
2661
2995
2995
2662
2662
2995
2995
2995
4658
2995
2662
2995
2662
2662
2662
2662
2329
2662
2662
2662
2329
2662
3327
2662
2662
2662
2662
2662
2329
2662
2662
2662
2662
2662
2662
2329
2662
2662
2662
2330
2329
2330
2329
2662
2329
2329
2662
2329
2329
2662
2662
2662
2329
2662
2662
2662
2662
2330
2329
2662
2329
2662
2329
2662
2329
2662
2329
2330
2329
2329
2662
2662
1997
2329
2329
2662
2329
2330
3660
2662
2329
2329
3327
3993
2662
2329
2330
2329
2329
4659
2330
2329
2330
2329
1996
1997
2662
2329
2329
2329
2329
2329
1997
2329
2329
2330
1997
2329
2329
2330
2329
1996
1996
1997
2330
2329
1996
2329
1997
2330
2662
2330
2329
1996
2329
1997
1997
1997
2329
1996
1997
2330
2329
1996
2329
2329
1997
1997
1996
1996
1996
1996
1996
1996
1996
1996
1997
2329
2329
1996
1996
1997
1997
1997
1997
1664
1664
1664
1996
1996
1996
1663
1996
1664
1997
1997
1997
1997
1664
4992
1663
1664
1664
1996
1997
1664
1664
1997
1996
