4326
2662
1331
3660
2329
2662
1996
1996
1331
2329
2329
1664
1664
1997
1664
2329
1997
1996
1997
1996
1997
1996
1996
1996
1664
2330
1331
1663
2329
1996
1997
1996
1996
1997
1997
1996
1996
1997
1997
1997
1997
1997
1997
1997
1996
1996
31611
1997
2662
2329
2329
2330
2662
2995
3327
2994
2329
1997
1997
1997
2329
1996
2329
1996
1997
1996
1997
2329
1996
1996
2329
2329
1997
1996
2329
1996
1997
1996
1996
1997
1996
1997
2329
1996
1997
1996
2329
1996
1996
1997
2329
2329
2329
2329
2330
5323
6988
2329
1996
1997
1664
1997
1664
1996
1996
1997
7320
1996
2329
2995
5656
1997
1997
3993
2662
2329
2330
1997
2329
2329
2662
2329
1997
1997
1997
2329
2329
1996
1997
2329
1996
2329
2330
2329
2329
2329
1996
2330
2329
2329
2329
2329
1997
2330
2329
2330
2330
2329
2329
2329
2329
2330
2329
2662
9650
2662
2662
2329
2330
2662
2329
2330
2329
2662
2329
2330
2330
2329
2662
2662
2329
2330
2329
4991
2662
2662
2330
2330
2330
2329
2662
2662
2662
2662
2330
2330
2662
2662
2329
2662
2329
2329
2662
2330
2329
4992
2662
2662
2662
2329
2995
2662
2662
2662
2662
2662
2330
2662
2329
2662
2662
2662
2662
2662
2662
2329
2662
2662
2662
2662
2662
2662
2662
2662
2662
2662
2662
2662
2662
2329
2330
2662
2662
2662
2995
2662
3660
2995
2662
2662
2995
2994
2662
2662
2662
2662
2994
2662
2662
2662
2662
2994
2994
2662
2662
2995
2662
2662
2662
2662
2662
24956
2995
2662
2995
2662
2662
2662
2662
2995
4325
3660
3660
4325
3993
4325
4326
3993
4325
4326
3993
3993
4325
4326
3993
4325
5657
3993
4326
4658
4326
4326
4326
3993
4326
4326
4326
4659
4326
3993
4658
4326
4326
3660
2995
2994
3328
2995
2995
2994
2995
2995
2995
2995
2995
2994
2995
2995
4325
2994
2995
2995
2995
2994
2994
2995
4326
9316
3327
3327
2995
2994
3328
3328
2995
2994
2995
2995
2994
2994
3328
3328
3328
2995
2995
3327
2994
2995
2995
3328
2994
3660
3327
2995
3328
2994
2995
2995
3327
3328
3327
2995
2995
2995
2994
7320
3327
3327
3328
30280
3328
2995
3328
2995
3327
2995
2994
2995
3328
3327
3328
3328
3327
2995
3327
3328
3328
3327
3328
3327
3660
3328
2995
3328
3327
3660
3660
2994
2995
3327
2995
3327
3328
5990
3660
3327
2994
3328
3660
3327
3327
3660
2995
3327
3328
3327
3328
3327
3327
3660
3661
3327
3327
29614
3328
3328
3660
3327
3327
3661
3328
3660
3661
3327
3660
3660
3328
3327
3660
3328
3660
3993
3661
3661
3661
3328
5324
3993
3328
3661
3327
3327
3328
3660
3327
3328
3660
3327
3328
3660
3660
3327
3661
3328
3327
3660
3660
3661
3660
3327
3660
3660
3327
3328
3661
3660
3660
3660
3660
6322
3660
3660
3993
3661
3660
3661
3660
3660
3993
3993
3660
3661
3660
3660
3660
3661
3661
3993
3660
31279
30946
3993
3660
3660
4659
3993
3660
3660
3660
5324
3993
3660
11313
3993
3993
3660
3993
3660
3993
3993
3660
3993
3993
3660
5324
5989
5324
5324
4326
3660
3993
3993
3993
3993
3993
3660
3993
3993
3660
3993
3993
3660
3993
3993
3993
3993
5990
3993
3993
3993
3660
3993
3993
3660
3993
3993
3993
3660
3993
3993
3993
3993
3993
3993
3993
3993
3993
3993
3660
3993
4659
4326
3993
3993
3993
3993
4326
3993
3993
4326
3993
3993
4325
3993
3993
4326
3993
3993
3993
24957
4326
3993
3993
4658
4326
3993
3993
4325
3993
79527
4659
3993
4325
4326
4326
3993
4325
3993
3993
3993
3993
3993
3993
3993
4326
78528
4658
4326
4659
3993
4326
3993
4659
4325
4325
4326
3993
4326
3993
3993
3993
3993
3993
4325
4325
4991
4658
4326
4326
4325
3993
3993
4326
4326
4326
4326
4325
12644
24956
4659
4326
5989
4659
4326
4659
4326
4326
4325
4326
4326
4326
4326
4326
4658
4326
4326
4326
4326
4325
4659
4991
4325
4658
4326
4658
4659
5324
4659
11314
4658
4658
5324
4325
4326
4659
4326
4325
4659
4659
4658
4659
4325
4659
4658
4326
4326
4659
4326
4326
4991
4659
4659
4659
4659
4326
4659
4658
4326
4658
4326
4659
4658
4991
4992
4658
4658
4325
5324
4658
5324
4991
4326
4658
4658
4326
4658
4658
4326
4326
4658
4659
4658
4659
4325
4659
4658
4659
4658
4991
4659
4658
4658
4659
4658
4991
4659
4659
4658
4658
6987
5324
4659
4658
4991
4991
4991
4992
4659
4658
4659
4326
4658
4992
4992
4658
4659
4659
4658
4992
4658
4991
4991
4659
4991
4991
4658
4991
4659
4658
4659
4991
4991
4658
4992
4658
4991
13643
5324
4991
4991
4658
4991
4992
4658
4991
4991
4991
4659
4992
4659
4658
4991
4658
4659
4991
4992
4991
4991
4659
4991
5324
4991
4991
5324
4658
4991
4991
4991
4991
4991
4991
4991
4991
7321
5324
4992
4991
4991
5324
4991
4991
5324
4991
4991
4992
4659
4992
4991
4991
4991
4991
4992
4992
6987
6655
6988
6988
5324
4991
5324
4992
5324
4991
7321
9650
5657
4991
26287
7653
5324
4991
5324
5324
4991
5324
4991
5324
5324
4991
5324
5324
4992
5324
4992
5324
5324
5324
5324
5324
5324
4991
5324
5324
4991
5324
4991
4991
5324
5324
5324
5324
5657
5324
5989
5657
5324
5323
5324
68214
5656
5324
5324
5324
5656
5324
4991
6655
5324
5324
5324
5324
5324
5324
5324
5990
5656
5990
5657
5657
5657
5990
5657
5990
5657
5657
5324
5324
5324
5324
5656
5657
5324
5324
5324
5324
5324
5657
5324
5324
5656
5657
5656
5657
5324
5324
5324
5657
5324
5990
5324
5324
5657
27951
5656
5990
7653
5657
5990
5657
5324
5657
5656
6322
5989
5657
8651
5989
5657
5656
6988
7321
24957
8984
5990
5657
5989
7321
8319
8319
8652
5989
5989
5324
7653
7654
7320
7986
7986
7653
8319
8651
7985
7986
6323
5657
5990
5657
5656
7653
5990
8319
5989
5989
5657
7320
6322
5656
5989
5990
5657
5989
5657
5657
5656
5990
5657
5657
5657
5657
5657
5990
5656
5657
5989
5657
5990
5990
5990
5657
5989
5656
5657
5989
5657
5989
5989
5656
5989
5990
5989
5990
5989
5990
5990
5990
5989
5656
5989
5990
5990
5989
5989
5989
5989
5656
5656
6322
5990
5990
5990
5657
5990
5990
5990
5990
5990
5989
5990
5990
5990
5990
5990
5990
5989
5989
5989
5989
5989
5989
7320
6322
5990
5990
5989
6323
5990
5989
5990
6322
6322
5989
6322
6322
5989
5989
5990
5989
5989
6322
5990
5990
6322
5989
5990
6322
5990
6322
5990
5990
5990
6322
5989
6323
6322
5989
5989
6323
5989
5989
6322
5990
5990
6322
5989
6322
6322
6322
6322
6322
6322
6322
6323
6322
6322
6322
7654
5989
6322
5990
6322
6323
6322
6322
6322
6322
5989
6322
6323
6322
6322
6323
6322
6655
5989
6323
6655
6322
6322
6322
6322
6322
6322
6322
6322
6323
6322
6322
6322
6322
6323
6655
6322
6322
6323
6322
9317
7986
9649
6655
6322
6322
6322
6323
6322
6322
6655
6322
6655
6655
6322
6322
6655
6655
6655
6655
6323
10981
6655
6655
6322
6655
6655
6655
6655
6654
6655
6322
6322
6323
6655
6322
6655
6655
6655
6323
6655
6655
6655
6655
6322
6323
6322
6322
6655
6655
6322
6655
6655
6655
6655
6655
6655
6655
6655
6322
6655
6655
6655
6322
6655
6655
6655
6655
6655
6655
6655
6655
6655
6655
6655
6655
6655
6655
6655
6655
6655
6655
6988
6655
6988
6655
6655
6655
6655
6655
6655
6655
6654
6988
6655
6655
6655
6655
6988
6987
6988
6655
6987
6655
6655
6988
6655
6655
6988
6655
6988
6988
8985
8984
7321
6988
6655
6655
6988
6988
6655
6655
6655
6987
6988
6655
6655
6988
6988
6988
6655
6988
6988
6988
6988
6655
6988
6655
6988
6988
6655
6988
6655
6987
6988
6987
6988
6988
6655
6988
6987
6988
6988
6655
6988
6988
10981
7653
6987
6988
6988
6655
6988
7320
6988
6987
6987
6988
6987
6987
6988
6988
6988
8651
6988
6988
6988
6987
6988
7321
6987
6987
7320
7321
7321
6988
7320
6987
7653
7320
6987
6987
6987
7320
7320
6988
7321
6988
6988
7321
6988
6988
7320
6988
6987
6987
7320
7320
6988
6987
6987
6987
7320
7320
7320
7321
6988
7321
7321
7321
7321
7321
7321
7321
6988
7320
7320
7320
7320
7320
7320
7320
7320
6987
7320
7321
7320
7320
7320
7320
7320
7321
7320
7321
7321
7320
7654
7321
7321
7320
7321
7320
7320
7320
7320
7320
7320
7653
7320
7653
7654
7320
7321
7321
7320
7320
7320
7653
7321
7321
7320
7320
7653
7321
7321
7654
7321
8984
7321
7320
7320
7320
7653
7320
7320
7321
7321
7321
7654
7321
7986
7653
7320
7321
7653
7653
7321
7321
7321
7321
7654
7654
7653
7653
7653
7653
7320
7653
7653
7653
7654
7321
9650
7653
7653
7653
7653
7653
7321
7320
7653
7653
7320
7653
7653
7653
7321
7654
7654
7653
7653
7654
7653
7653
7654
7320
7653
7653
7654
7653
7653
7654
7653
7653
7653
7654
7654
7653
7986
7986
7654
7986
7653
7653
7653
7653
7986
7653
7654
7653
7653
7986
7653
11647
7986
7653
7654
7653
7653
7654
7986
7654
7986
7986
7986
7986
7653
7653
7654
7986
7986
7986
7653
7986
7654
7653
7653
7986
7653
7986
7986
7985
7653
7986
7986
7986
7653
7985
9317
7653
9316
10315
8318
8319
7986
7985
7986
7986
7986
7986
7986
7986
7986
7986
7985
7986
8319
7986
7986
7986
7986
7986
7986
7986
7986
7986
8318
8319
7986
7986
7986
7986
7985
9317
7986
7985
8319
7986
8318
7986
8318
7986
8318
7986
8318
7986
7986
7985
7986
8318
7986
8319
7986
8318
8319
8318
7986
8319
8319
7986
8318
8319
8319
8319
7986
8318
8319
8318
8319
7986
8319
8319
7986
8318
7986
8319
7986
8319
8319
7986
7986
8319
8319
7986
8319
8319
8318
8318
8319
8319
8319
8319
8318
8319
7986
7986
8319
8318
11314
11979
8984
11313
8651
9983
8319
8319
8318
8984
8319
8318
8319
8319
8319
8319
8319
8319
8319
11313
8652
8651
8319
8319
8318
8318
8319
8319
8651
8651
8651
8651
8318
8319
8651
8652
8319
8318
8651
8652
8319
8319
8318
8319
8652
8319
8652
8318
8319
8652
8652
8651
8319
8651
8651
8651
8651
8652
8652
8652
8652
8651
8318
8652
8652
8319
8651
8651
8651
8319
8652
8651
8651
8652
8652
8651
8651
8651
8318
8651
8652
8652
8652
8651
8318
8651
8651
9650
8651
8651
8651
8651
8651
8651
8651
8651
8651
8651
8652
8651
8984
8984
8651
8652
8985
8651
8651
8651
8651
8651
8651
8651
8984
8651
8651
8984
8651
8984
8984
8651
8651
8984
8652
8652
8984
8984
8652
8984
8984
8984
8984
8984
8984
8652
8984
8652
8984
8651
8984
8984
8652
8984
8651
8984
8651
8984
8985
8652
8984
8984
8984
8651
8984
8984
8985
8985
8651
8984
8652
8652
8985
8985
8984
8985
8985
8652
8651
8984
8984
8984
8985
8985
8984
8651
8984
8984
8984
8984
9317
8984
8984
8984
8984
8984
8984
8984
8985
8984
8985
8984
8985
8984
8984
9317
8984
8984
8985
8984
8984
8984
9316
9317
9317
8984
12645
9317
8985
9317
8984
8984
8985
8984
9317
8984
9317
8985
9317
9317
9317
9317
8984
8984
8985
61226
9317
9317
9317
9317
9317
9317
8984
9317
8984
9317
9317
9317
9317
8985
9317
9317
8984
9317
9317
8984
9317
9317
9317
9317
9317
9317
9317
9317
9316
10648
9317
9317
9317
9317
9317
9317
9317
8984
9649
9317
9317
9317
9317
9317
9317
9317
9317
9650
9649
9317
9317
9317
9317
9317
9317
9317
9317
9649
9650
9649
9317
9649
10981
9317
9317
9650
9650
9317
9650
9317
9317
9317
9317
9317
9317
9317
9317
9650
9316
9649
9650
9650
9650
9650
9317
9650
9649
9317
9650
9649
9649
9650
9650
9650
9650
10981
9317
9650
9650
9650
9649
9649
9650
9317
9649
9317
9650
9650
9317
9982
9982
9650
9649
9649
9650
9650
9983
9650
9650
9650
9650
9982
9649
9649
9650
9650
9649
9649
9650
9650
9650
9983
9650
9650
9650
9650
9650
9650
9982
9649
9982
9649
9982
9650
9649
9650
9983
9983
9983
9649
9650
9650
9983
9982
9982
9982
9650
9983
9983
9982
9650
9649
9983
9650
9983
9650
9982
9983
9650
9983
9982
9649
9982
9649
9982
9650
10316
9982
9982
9982
9983
9983
9983
9982
9983
10316
9982
9982
9982
9983
9983
9983
11979
10316
10315
10315
10648
9983
9982
9983
10315
10315
9983
9982
9983
9983
10315
9982
10315
9983
9982
9983
10315
9982
9983
9982
9983
9983
10315
10316
10315
9983
12977
12645
10315
10315
13310
12977
10648
10315
10315
13975
14641
20630
13310
13975
13642
13976
12977
14641
13643
10648
10315
10315
9983
10315
10315
9983
10648
10316
9983
14641
14641
14974
15307
15306
14974
14973
14641
15639
14309
14974
14641
13310
14641
13975
15307
14973
13310
13975
13642
13975
14308
15306
15307
15972
14308
14641
14974
14974
13643
14308
13310
13643
13310
13975
13975
12312
10316
10648
10315
10315
10315
10315
10315
10315
10316
10648
10316
10315
10315
10315
10315
12977
13643
12645
14309
14974
13310
10981
10648
10648
10315
10315
10315
10648
10648
10648
10315
10315
13976
14973
39597
10980
13310
10980
10648
12312
10316
10648
10315
10648
10648
14974
10981
10648
10648
10648
10648
11646
10981
10648
11979
10648
10648
10648
10315
14974
14308
15972
14973
11314
10648
10648
10648
13310
13643
14974
14309
16304
13976
13975
10981
10648
10648
10648
10648
10648
10647
10648
10648
10648
10981
10648
11979
14974
12977
13976
14974
13642
14641
13643
10981
10981
10648
10648
10981
10648
14641
11314
10648
10981
10980
10648
10647
10648
10980
10648
10980
10648
13976
10981
10648
10981
10981
10648
10981
10981
10981
10648
10981
10980
10648
10981
10981
10981
10981
10981
10981
10648
10981
10981
10648
10648
10981
10981
10981
10981
10648
10648
18301
13975
11314
12645
11314
10981
10980
10981
10648
10981
10981
10981
10980
10980
10981
10981
10981
10981
10981
10981
10981
10981
11313
10981
10981
10981
10981
10981
10980
13643
10981
11313
10980
10980
11313
10981
11313
10980
11314
10981
10980
11313
11313
11313
10981
10980
10981
10980
10981
10981
11313
11313
11314
10981
11313
11313
11313
11314
11313
13643
11313
11313
11314
10980
11313
10981
11313
11313
10981
10981
11313
10981
11314
11313
11314
11313
11313
11313
11314
11314
11313
11314
11313
11314
11314
11646
11314
11314
11313
11313
11313
11314
11313
11313
11313
11314
11313
11314
11313
11314
11646
13310
14308
14308
11646
11646
11314
11313
11646
11646
11313
11313
11314
11313
11646
11646
14308
11646
11313
11313
11646
11314
11313
11647
11646
11313
11646
11646
11314
11646
11313
11647
11646
11313
11646
11314
11313
11646
11646
11646
11646
28617
11646
11313
11646
11646
13976
11646
11646
11646
11646
11646
11646
11646
11646
11313
11646
11646
11646
11314
11646
13643
11313
11646
11646
11646
11314
11646
11646
11647
11646
28284
11978
11646
11646
11646
11979
11646
11646
11314
11647
11646
11979
11646
11646
11646
11646
11646
11646
12977
14309
15306
11979
11979
11646
11646
11646
11979
11646
36270
12311
11646
11979
17303
11979
11646
11646
11647
11979
11646
11646
11979
11646
11979
11646
11979
11979
11979
14308
11979
11979
11979
11979
11979
11979
11979
11979
11979
12311
11979
14973
12312
11979
11646
16970
11979
11646
11979
11979
11979
11646
11979
11646
11979
11979
11979
11979
11979
11979
11979
11979
11646
11979
11979
11979
29948
12312
11979
11646
11979
12312
11979
11979
11979
11979
11979
11979
11979
11979
11979
11979
11979
11979
11979
11979
11979
11979
11979
11979
11979
11979
11978
11979
11979
28617
12312
12312
11979
12312
14641
12312
11979
11979
11979
12312
11979
11979
12311
11979
11979
12312
12311
11979
12312
12312
12312
12311
12312
12312
12312
12312
30280
12312
11979
12312
12312
12645
12312
12312
12311
12312
12312
11979
11979
12312
12312
12312
11979
12311
12311
14974
12312
11979
12312
12312
12311
12312
12312
12311
12312
12644
12311
12312
12311
11979
12312
12645
12311
12312
12644
12312
12312
12311
12312
12312
12311
12312
12644
12645
14974
12645
12311
12312
12312
12644
12311
12645
12312
12644
12644
12645
12312
12312
16970
12644
12645
12644
12311
12312
12312
12312
12312
12644
12312
12312
12645
12644
12644
12645
12644
12645
12311
12311
12645
12645
12645
12312
28949
12644
12644
12312
12311
15307
12644
12644
12645
12644
12312
12644
12644
12645
12644
12645
12644
12312
12644
12644
12644
12645
12644
12644
12978
12645
12312
12645
12644
12645
12977
12644
12644
12645
12645
12645
12644
12644
12644
12978
12644
12644
12645
12645
12644
12645
13975
17636
13310
12645
12645
12978
12645
17636
12977
30613
12977
12977
12644
12644
16970
12978
12645
12977
12645
12645
12978
12645
12644
12644
12644
12644
12645
12644
15307
12977
12977
12978
12645
12645
12645
12645
12645
12977
12977
12977
12645
12977
18301
12977
12977
12977
12645
12978
12645
12977
12645
12645
12977
12977
12978
12977
12977
12977
12977
12977
12644
12977
12977
12977
12977
12977
13642
12977
12977
12977
13310
13310
12977
12978
12977
12977
12977
12977
12977
12977
12977
12977
12977
12978
20631
13310
14641
17635
14641
16638
16638
19965
16637
13310
12977
18967
16970
13310
12978
12977
13310
13310
12977
13310
12977
12978
12978
12977
12977
12977
13310
12977
13310
13310
12978
12978
13310
12977
13310
12977
12978
13310
13310
13310
13310
12978
12977
13310
13310
13310
13310
13310
13310
17968
13310
13310
13310
13310
13310
12977
13310
13310
13310
13643
13310
13310
12977
13310
13310
13310
13310
14641
13643
13310
13310
13643
13310
13309
13310
13642
13310
13309
13310
13310
13310
13310
13310
13310
13310
13310
13643
13310
13310
13309
13310
13310
13642
13310
13310
13643
13310
13310
13310
13310
13643
13310
13310
13643
13643
13643
13309
13643
13310
13643
13310
13643
13310
13642
13643
13310
13643
13310
13643
13643
13310
13310
13643
14973
13310
13642
13310
13310
13643
13643
13642
13643
13642
13643
13643
13642
13643
14974
13310
13642
13643
13643
13310
13643
13643
13643
13643
13642
13643
13975
13643
13642
13643
13643
13642
13643
13643
13643
13643
13643
13643
13642
13642
13643
13975
13643
13975
13975
13643
13643
13643
13643
13642
13643
13643
13975
13643
13643
13643
13976
13642
13975
13643
13643
13975
13976
13643
13975
13643
13643
13976
13976
13643
13975
13976
13976
13976
13975
13642
13643
13976
13976
13975
13976
13976
13975
13976
13643
14973
13975
13642
13976
13975
13975
13642
13975
13976
13975
13975
13975
13976
13975
27951
13975
13976
13976
13975
13975
13975
13975
13976
13975
13976
13975
13976
13975
13976
13976
13975
13975
13975
13975
13976
13976
14309
14308
13976
13975
13975
13975
13975
13975
13975
13975
13976
14308
14308
14309
13976
14308
14641
17969
14641
14641
13975
14308
14308
13976
13976
14309
13976
14308
14309
14308
13975
13976
13975
14308
14308
13976
14640
17968
14640
14308
14308
13975
13975
14308
14308
14308
14308
13975
14309
14309
14308
14308
14308
14309
14309
14641
14308
14308
14308
14308
21628
14641
14308
14308
14308
14308
14309
14309
13975
14308
14308
14308
17636
18634
18301
33275
18634
14641
18634
14641
14309
14308
14641
14308
14308
14641
14309
14309
14308
14308
14308
14308
14309
14308
14641
14309
15972
14308
14308
14308
14641
14308
14308
14308
14308
14641
14308
14309
14641
14308
15972
14641
14641
14308
14308
14641
14641
14308
14641
14309
14641
14641
14641
14641
14308
14640
14641
14641
14641
14641
14641
14641
14641
14641
14308
14308
14974
16305
14641
14641
14641
14641
14973
14641
14641
14641
14308
18966
14641
14641
15972
14641
14641
14641
14641
14641
17969
15307
14641
14974
18302
18966
19299
14974
14641
14641
14641
14641
14641
14641
14641
14641
14641
14641
14974
16637
14974
14641
14641
14641
14641
14641
14641
14641
14641
14641
14641
14974
14641
16305
14641
14973
14974
14641
14641
14974
14641
14641
14974
14974
14641
14974
14973
14974
14974
14973
14641
14641
14641
14973
14641
14974
14641
14640
14974
14974
14974
14974
14641
14974
14974
14974
14974
14974
14974
14973
14974
14974
14974
14641
18634
15307
15306
14973
14974
14974
14974
14973
14974
14974
14973
14974
14974
14973
14973
14973
14973
14974
14973
14974
14974
14974
14973
14974
14641
14974
14973
16305
14974
14974
14974
15306
14974
14974
14973
14974
14974
14974
14974
14974
14974
15307
14974
15306
15306
14974
14974
22960
15306
15306
14974
15972
19632
15972
15307
15306
15307
14974
15306
15306
15307
15307
14973
15306
15307
15640
15306
15306
16970
16970
15972
15639
15307
15306
16638
15307
15639
19965
17968
18966
16305
15972
15972
15639
19633
15640
15640
15307
15972
15639
15306
15306
15306
15306
19300
20298
19632
19632
16305
20964
20963
19632
18967
18967
20297
17636
15639
21629
19632
20963
20963
20963
20630
19965
19300
20298
21629
19965
19965
28617
46585
19965
27285
20963
21962
20297
20964
33275
21296
19633
18967
20297
21296
22295
19965
19965
20630
19965
21296
19632
22294
21629
20631
20963
20963
19965
20631
20963
21962
21296
29282
21629
20298
21296
20630
21296
19632
22960
22294
21629
22960
22960
22959
22960
19299
20630
19965
20630
16305
15640
15972
15639
15639
17636
19633
16305
15972
15640
15972
15639
26953
15972
15639
15972
15972
19632
18301
16304
15972
15972
17969
15972
15972
15972
15972
15639
15639
15640
15639
15639
15972
15640
15639
15972
15639
15639
15640
15639
15972
15639
15640
15972
15639
15640
15639
15639
15972
17303
17303
15972
15972
15972
15639
15972
15639
15640
15972
15972
15972
15639
15972
15972
15639
15972
15972
15972
15972
15972
15639
15972
15639
15639
15972
18634
15972
15972
15972
15972
15972
15972
15972
15972
15972
15639
15972
15972
17636
15640
15972
15972
15972
15639
15972
16304
15972
15972
15972
15972
20297
20297
16305
16305
15972
16304
15972
15972
15972
15972
15972
16305
16304
16305
16305
16304
16305
15972
16305
16305
16304
16305
15972
16305
16305
15972
15972
17636
15972
15972
16304
16305
15972
15972
15972
16305
16305
16305
16305
15972
16305
16304
16305
16305
16304
16305
16305
16305
16305
16305
16304
16305
16305
17636
16305
16305
16305
16305
16305
16304
16304
16305
16305
16304
16304
16305
17969
16304
16304
16305
16305
16637
16304
16305
16638
16305
16304
16637
16305
16305
16305
16305
16304
16637
16637
16305
16637
16637
16304
16637
16638
16305
16305
16638
16305
16305
16304
16305
16305
16638
16305
16304
16637
16305
16305
16305
16637
16638
16305
16638
16305
16638
16638
16638
16305
23625
16305
16637
18301
16638
16305
16637
16638
16971
16637
16638
16638
16638
16638
16638
16638
21296
19299
16970
16637
16637
16637
16638
16637
16638
16638
16637
20964
16970
16638
16637
16637
16637
16970
16637
16638
16970
16638
16970
17636
22959
16971
16637
54571
17636
17303
16971
16970
16970
16638
16638
16970
16637
16970
16637
16970
16970
17968
20631
16971
18634
21962
22959
22627
22626
21629
21296
16971
16970
16970
16637
21628
61891
23292
22960
19632
16970
16970
16970
16638
17303
16970
16970
16971
16970
21296
21629
23958
22960
21961
24290
26620
26620
26287
26620
26620
26620
22626
20963
21296
23626
22627
44921
21962
22294
138757
25621
77530
22960
21961
21296
23292
21962
22295
22627
21296
21629
21628
21962
22295
22294
23625
22960
22294
22627
20631
22959
21961
21629
22959
18634
17635
17303
16970
22295
17303
17303
17303
16970
17303
21961
21961
22960
23292
21962
22959
24623
22959
21961
20963
17636
17302
20963
39930
24624
23625
22294
17636
17303
17303
17636
17303
17636
17636
18966
23625
23625
22627
22627
30613
23625
17636
17635
20630
25621
23625
23292
23293
17636
19633
17635
17303
17636
17303
17303
17303
17303
17303
17303
17303
24623
26952
25621
25622
25289
25289
24290
17968
17636
23958
21296
23958
24956
33275
25621
25954
25955
26620
23958
23626
26288
25955
25289
22627
26287
26620
26287
26287
26287
26620
26953
26952
26288
26287
28616
26288
26620
26287
26620
26287
26287
26620
26620
24291
17636
17968
17636
17636
17303
17303
17636
17635
17635
17636
17303
26953
22960
22627
19300
17968
17635
17303
17635
17635
17636
17636
27618
20963
22627
21296
22627
17969
17636
17968
17968
17635
20297
22627
22960
23293
22626
50911
19965
24624
19965
17636
17969
17635
17635
17635
17635
17636
17636
18967
17968
44922
18634
17969
18301
17969
17969
17636
17636
17636
17636
17968
19632
17635
17968
17636
17968
17636
17636
17635
17968
17636
17968
17968
17969
17969
17636
17636
17968
17635
17636
17969
17968
17635
17968
17969
17968
19300
17968
17969
17968
17636
19299
17968
17969
17968
17968
18301
18302
17968
19632
22627
153398
24624
23625
22627
41594
25289
22960
21961
21296
18301
17968
17969
17968
17968
17969
17969
17969
17968
17968
17969
21629
18302
17968
18302
18301
17969
17968
17969
18301
18302
18301
18967
18634
18301
18301
18301
17969
22627
22960
24956
23958
22627
25622
18967
18302
18302
18302
17968
18301
18301
17969
18302
18301
18301
17969
18301
18301
18301
17968
18301
18302
18301
18301
17969
18301
18301
18301
18301
18301
18301
17968
18302
18301
18301
18301
18301
18301
18301
19632
18301
18302
18301
18301
18302
18301
18634
18302
18301
18301
18301
18634
18634
18302
18301
18301
18301
18633
18301
18301
18302
18634
18634
18301
22294
18634
18634
18302
18634
18634
18302
18634
18634
18634
18634
18301
19965
18634
18634
18302
18301
18634
18301
18634
18633
18634
18301
18634
19965
18634
18634
18634
18301
18634
18634
18301
18634
18634
18634
18302
18634
18634
18301
18301
18634
18634
18634
18634
18634
18634
18634
18634
18634
18633
18634
18634
18634
18634
18634
18634
18634
18634
18634
18634
18634
18967
18634
18634
18634
18967
18634
18634
18634
18966
18633
21629
23292
19299
22960
18967
18634
22627
23625
23958
19300
22294
18967
18634
18967
18967
18634
18633
19300
18967
18634
18966
18634
18967
18967
18967
18967
18966
18966
18967
18967
18634
18967
18967
18634
18966
18967
18634
18967
18967
18966
19632
19299
18966
18967
18966
18967
19299
18967
18967
18634
18967
18967
18967
18966
18967
18967
18967
18967
19300
18967
18967
18966
18967
18966
21629
19299
18967
18966
18967
18634
18967
18966
18967
18966
18967
18966
18967
18967
18966
18967
18966
18967
18966
19299
18966
18967
18967
18967
24291
19300
18966
18967
18967
21961
19300
19300
18967
18967
18967
18966
19299
18967
18967
18966
18967
19632
18967
18966
18966
18967
18967
19300
24623
19299
19300
18967
19299
21961
19300
19300
18967
19300
19300
19300
18966
19299
19299
19299
18967
22627
19632
19299
18966
19299
19299
19300
20963
19632
19299
19299
19300
22294
19632
19300
19299
18967
19300
18967
19300
19300
18966
19299
19300
22294
19632
19300
19299
19299
19299
19633
19965
19632
19300
19300
19300
21962
19632
19299
19299
19299
19299
19632
19299
19965
19632
22627
19632
19300
19299
19299
19300
19632
19632
19299
19632
19299
19299
19632
19633
19299
19300
19632
19632
19299
19300
19632
19632
19632
19299
19632
19633
19632
22295
23625
24624
22627
19965
19632
19633
19299
21629
23958
20963
19632
19632
19300
19299
23293
22627
19965
19632
19632
19633
22294
19632
21628
19965
25954
19632
19632
19632
19632
19632
21962
19632
19299
19632
19299
19964
19632
19632
19632
19632
19633
19632
24291
24291
24290
19965
19632
19632
21295
19965
19965
19632
19632
19632
19632
22294
19632
19633
19632
19965
21296
19632
19632
19632
19632
19965
19632
19965
19965
19632
19632
19632
29947
19965
19965
19632
19965
19965
19632
19633
19965
19632
19965
19632
19965
19965
19965
19633
19632
19965
19964
19632
19964
19632
19632
19965
19632
22294
20298
20297
19965
20298
19965
19632
19632
19965
19632
19965
19965
19965
19965
19965
19965
19632
19965
19965
19632
19965
19965
19965
19965
19965
19965
19965
19632
19965
19964
19965
19965
19965
19964
20298
20297
19965
19965
19965
19965
20297
19965
20298
19965
19965
21295
20298
20297
19965
20297
20298
19965
20297
19964
19965
20298
20298
21295
19965
20298
19965
19964
19965
19965
19965
19964
19965
20298
20298
20297
20298
19965
19965
19964
20297
19965
20298
20298
20298
20298
20298
20297
20297
19964
20297
19964
19965
20298
20298
20298
20298
19965
22294
20298
20298
20298
20298
20298
20298
20297
20298
20297
19965
19964
20297
20297
20297
20297
20297
20630
20630
20298
20298
20298
20298
19965
20298
20298
20298
20298
20298
20631
22294
20630
20297
20298
20298
21961
20631
20298
20631
20297
20630
25289
20964
20298
20298
20631
24290
20630
22626
24291
20964
25622
25955
20964
20630
24291
20630
20630
20298
20631
20297
60227
23293
24956
20963
20963
20630
20631
20298
20630
20631
20631
20630
20298
20297
20631
39265
20631
20631
20298
20298
20298
20963
20630
20631
20630
20631
23292
20630
20631
20630
20298
20631
20630
20297
20631
20630
20630
20631
20963
20631
20963
20963
20631
37933
20964
20631
20630
20631
20630
20963
20631
20631
20630
20630
20630
20964
20630
20630
20631
20630
53905
25621
26620
26287
20964
20963
20630
20631
20630
20631
22294
20963
20964
20963
20630
20963
20630
20963
20630
20963
20630
20630
20963
20963
20630
20963
20963
20963
20963
20963
20631
20630
20963
22294
20630
20963
20631
20963
20963
20963
20630
20964
20630
20963
20963
21296
20963
20963
20630
20963
20963
20963
20963
21296
20963
21296
21962
20963
20963
20963
20963
20963
20963
20631
21296
20963
25621
26287
21296
20963
20964
21295
20963
20963
20963
20964
21296
21296
22627
20963
20963
20964
20963
20963
20964
20963
20963
20963
20963
20964
22294
20963
20963
21296
20964
20963
20963
21296
20963
21296
21296
21296
21629
21296
21296
20964
21296
21296
21296
21296
21296
20963
20963
21296
21296
20963
20963
21296
20964
20963
20963
21296
21296
21296
22627
21295
20963
20963
21296
20963
20964
21295
20963
21629
21296
20963
20963
20963
21296
21296
21296
21296
21296
21296
20964
21296
21296
22959
21629
21296
21296
21629
21296
21296
21629
21296
21629
21629
21629
21295
21296
21296
21296
21629
21629
23625
21628
21629
22960
21296
21296
21296
21296
21629
21296
21629
21296
21296
21295
21296
21296
21629
21295
21629
21296
21296
21296
21629
21629
21629
21296
22959
21296
21629
21629
21296
21628
21629
21296
21629
21629
21629
21629
21629
21962
21629
21629
21296
21629
21628
21296
21629
21629
21629
23293
21628
21296
21629
21296
21628
21628
21628
21628
21628
21628
22959
21629
21629
21629
21961
21296
21629
21296
21629
21628
21628
21628
21961
21962
21629
21629
21962
21629
21961
22295
22294
23625
21961
21962
21629
21961
21629
22294
22294
21961
21628
21961
21629
143747
26953
26953
22295
21961
22294
21629
21961
21962
21961
21961
21961
21629
21629
21961
21961
26620
21961
21629
21962
21962
21962
21961
31611
21961
21962
23293
21962
21628
25622
21961
21962
21961
21962
25622
21962
21628
23625
21962
25289
21961
25289
22294
22294
21629
21961
21961
21961
23293
25622
21962
21962
21961
21962
21629
21961
21961
21629
22294
23626
21961
22294
21962
21961
22294
22294
21962
21961
22294
21962
21961
22294
21962
22294
22294
22294
22294
21962
21961
22294
22295
21961
22295
22294
22294
22294
21962
21962
22295
21962
22294
25954
23292
22294
22294
28949
22294
22294
25621
22294
22295
24956
21962
26287
25622
22294
22294
25622
37933
23292
22294
22294
22295
23625
21961
22294
22294
22294
22627
21962
22294
24291
27951
28949
22960
22294
22294
22295
22294
22294
22627
22627
22294
22295
22294
22294
22294
22294
22627
22627
22295
22295
22295
22627
22294
22626
22294
22294
22627
22294
22294
22627
22294
22626
22627
22627
22627
22295
22295
22294
22627
22627
22294
22627
22627
22294
23958
22294
22627
24956
22627
22627
22627
22627
22627
22627
22627
22294
26620
25289
22626
23625
22627
22627
22627
22627
22627
22960
22627
22626
22627
22627
22627
22626
22627
22627
22627
22627
23626
22627
22627
22627
22627
22627
22627
22627
22627
22627
22627
24291
22294
22627
22627
22627
22627
22627
22294
22627
22627
22960
22627
22627
22627
22627
22627
22627
22960
22959
22959
22960
22627
22627
22627
22627
22959
22960
22627
22627
22627
22627
22627
22960
22626
22960
22960
22960
22627
22960
22627
22960
22959
22627
22960
22627
22627
22960
22627
22959
22959
22959
22960
22627
22960
22627
22960
22959
22627
22960
22959
22627
22627
22960
22959
22627
22959
22960
22960
22960
22960
22627
22960
22960
22960
22959
22960
22960
22959
22627
22960
22959
22960
22960
22960
22960
22627
22960
22627
22960
23293
23292
22960
22960
22959
22960
22960
22960
22960
22960
22960
22959
22960
22960
22959
22959
23293
23292
23293
22959
22959
22959
22960
22960
23293
23293
22960
23292
22960
22960
23292
22960
23292
23293
23293
23292
23293
22960
23292
23293
28949
23625
29948
24291
30613
31279
27285
23293
23293
23293
22959
23293
22960
23293
22959
22960
23292
23292
23292
23292
22960
23293
22960
23625
23292
23625
23626
23293
22960
23293
23625
23292
23293
23292
23293
23293
23292
22960
23292
23293
23625
23625
23625
23293
23625
23626
23292
23625
23293
23293
23292
23293
23292
23293
24956
25621
27618
31944
23625
23625
23292
23625
24291
30945
23625
23626
23626
23625
23625
23292
23625
23292
23292
23625
24956
23293
23293
23625
23292
23293
23625
23292
23293
23625
23625
23625
23293
23625
23625
23625
23292
23292
23625
23626
23292
23625
23625
23626
23625
23625
23625
23625
23293
23293
23958
23625
23625
23625
23626
23625
23625
23625
23625
23625
23625
23625
23625
23625
23625
23958
23625
23625
23625
23958
23625
23625
23625
23626
24957
23625
23626
23625
23958
23625
23958
23625
23626
23958
23625
24956
23957
23958
23625
23958
23625
23626
23958
23625
23625
23958
23958
23958
23958
23957
23626
23958
23958
23625
23625
23958
23958
24291
23625
23625
23958
23626
23957
23958
23625
23958
23958
24956
23626
24290
23958
23957
23958
24291
23958
23958
23958
23958
30612
24291
24291
24291
23626
23958
23958
23958
23958
23958
23958
24290
24290
23958
23958
24291
23625
23958
24291
24291
23958
25622
23957
23958
23958
23958
23958
23958
23958
23958
24291
25621
23958
23958
23958
24291
23958
23626
23958
23958
24290
23958
36270
31944
24624
24624
32609
24291
24291
23958
24291
24623
24290
23958
23958
24290
23958
24291
23958
24623
24623
23625
24291
24290
25955
24624
24624
24290
24291
24290
24291
24291
24291
24290
24290
24624
24290
24290
24291
24291
27285
24624
23958
24290
24291
28616
24290
24291
24291
24291
24290
24956
24290
24291
23958
24291
24290
24291
24290
24624
24291
27950
24623
24623
24291
24624
28616
24624
24290
24291
24291
27619
24291
24290
24624
24956
24291
24291
24290
24624
45920
35937
24957
24956
24956
24956
29615
24623
24623
24624
24623
27951
24956
24956
24623
24624
24624
24956
24956
24624
24623
24623
24956
24956
24624
24956
24956
24956
24956
24956
24624
24956
26953
25289
24957
24957
24956
24957
24623
24623
24956
24956
28616
24956
24957
24624
24956
29282
24957
24956
24956
24956
28616
24957
24956
24957
24624
24956
24956
24956
24956
24956
24956
24956
24957
24956
24956
26287
25289
25289
25289
24956
24956
24956
25289
25288
24957
24956
24956
24956
24623
24957
24956
32942
32942
25622
24956
32609
25289
24957
25622
25289
28949
25289
25289
24956
24956
24956
24956
24956
24956
24956
27951
24956
25289
24956
25289
32277
25622
30945
25289
30946
33275
32610
25622
25621
25289
24956
24956
24956
28617
25289
25289
25622
25289
42925
25289
25289
25289
24956
27951
25289
25289
24956
25289
24956
25289
25289
25289
25289
25289
25622
25289
25289
25289
42259
25289
25289
25289
25289
28949
25289
24956
25288
25622
25289
25289
25289
25288
24957
25288
25289
25289
25621
25289
42259
25289
25289
24956
25289
25289
25954
25622
25289
25289
25289
25289
25288
25289
25289
25289
25622
25289
25289
25289
42259
25622
25621
25289
25288
25289
25621
25288
25289
25288
25289
25289
25289
25289
25289
25622
25622
25622
25622
25289
42259
25621
25289
25622
25621
25289
25621
25622
25289
25289
25289
122785
25622
25289
25955
25622
25288
25289
42924
25621
25622
25622
25621
25289
25621
25954
25622
25622
25289
25622
25954
25289
25289
25954
25621
25289
25622
43257
25622
25622
25289
25622
25622
25622
25622
25954
25621
25622
25954
25622
25622
25622
25622
25954
25955
25622
25621
42259
25954
25621
25955
25622
25954
25622
25622
25622
25622
25622
25954
25621
25622
25621
25622
25621
25622
25622
25622
42924
25954
25622
25622
25622
25621
25954
25955
25955
25954
25954
25622
25622
25954
25955
25954
26287
25955
25621
25622
59894
31611
25954
25622
25622
25954
25954
25955
25954
25955
25955
25621
25622
26287
25621
25954
25954
25955
25955
43591
26287
25954
25954
25954
25954
26953
55902
32610
26620
26620
26288
25621
26287
25955
25954
30280
34606
34606
32277
32610
33275
32610
32609
32277
32942
32942
32609
32609
33608
31612
31611
31944
31279
31611
31944
31611
33275
31611
31278
31944
31611
31611
35604
34606
34606
34273
34606
35271
34938
33275
32942
32942
32942
33275
32942
32943
32610
33275
35604
32942
33275
32942
33607
33275
32942
33275
33608
33275
33275
33608
32942
32609
32942
34606
32942
32610
32942
32609
32277
32276
33608
33941
55902
31611
31279
49913
34605
32610
26953
26953
53906
26620
34938
26620
32609
26288
101821
26952
27286
97163
27286
26619
26287
26287
26953
26953
26952
33941
31611
37933
26620
26620
26620
26288
26287
26287
26287
26287
27951
26287
26620
26620
26287
26620
26287
26620
26620
26619
26287
26620
26288
26287
26287
26287
26287
26952
26620
26620
26620
26287
26287
26620
26620
26620
29614
26952
32943
27285
28617
26620
26953
26620
26953
27286
26619
26620
26620
26953
26620
26620
26287
27951
26953
26288
26287
26620
29947
26620
27286
26953
30281
26953
26620
26620
26619
26620
28284
27950
27285
26620
31611
26953
26620
26953
33275
32942
26953
26620
26620
26620
26953
26620
26953
26953
26952
26953
26620
28949
26952
26620
26953
27285
31944
28949
26952
26620
26619
26953
26620
26953
26953
26619
27286
26953
26952
26953
31944
28950
26952
33940
33608
34939
27286
26953
26953
26620
26620
26620
26620
26953
29614
26952
26620
27285
29615
26952
26953
26953
26619
26953
27286
27285
26953
26952
26953
26287
26953
26953
27285
27285
26953
26953
26953
26953
30613
26953
26953
26953
26952
30281
26620
26953
26953
26953
27618
27285
26620
26953
26952
30280
27285
27285
26953
29281
27286
26953
26952
27285
26952
29614
26953
27618
26953
26952
26953
26953
26953
26953
27285
27618
26953
27285
26953
31278
27285
32942
27618
190665
48581
36602
27285
27286
26952
27286
27286
27285
27286
27286
39930
30946
27951
27618
27618
31944
37933
43258
39265
27618
27285
87845
27618
27618
27286
27285
27285
27286
27286
27286
26953
30613
39264
39930
36603
37601
39930
35271
33941
34938
35604
48249
36602
39265
37934
38599
44255
38266
70210
36936
158056
33608
34273
36270
39597
36935
38599
34939
34274
44256
27951
33940
34939
31611
27618
27618
27618
27619
27618
31278
27618
31944
30281
27618
27285
27618
27285
27286
36603
34939
34273
36935
36269
35272
37268
37268
39597
38931
38932
34605
38266
37601
37934
38599
37934
38599
37600
36935
37934
36936
37601
37268
38599
37601
36935
36270
34939
37601
36603
37268
37268
34939
33275
35271
35604
35271
34606
34606
33608
33608
35937
34939
47251
27951
27618
36935
33940
35271
34273
36602
36270
35605
34939
33275
35272
37268
28283
27951
27618
27619
27950
27618
28284
28616
27618
27951
27618
27951
30946
27951
27618
27618
32610
28283
27951
34938
29948
30280
34273
39264
31278
27950
27951
27619
27618
32277
28284
27951
27951
32942
27951
27618
27618
27951
27951
28284
27951
27618
27618
27618
27951
27618
28283
27951
30945
28283
27951
27951
33275
28284
28284
27951
27618
27619
28284
27951
27618
27618
27618
27951
27951
27951
27951
28616
28284
27951
28284
31279
27951
28284
27951
27951
27951
30613
27951
28284
27951
27618
28284
28283
27951
28283
27951
28284
28284
27951
29947
28284
28284
27951
28284
27951
30945
27951
27951
27951
27951
28284
28284
28283
27951
27951
28284
27951
27950
29947
28617
28283
27951
27951
27951
31278
28283
27951
28284
28616
27951
28284
27951
27951
28284
28283
28284
28284
30946
28617
28284
28283
27951
28284
32277
28616
28284
27950
27951
28284
28284
28284
28617
28949
28284
28283
28283
30280
28617
28284
28284
28617
28284
31944
28617
28284
28284
28284
28283
28283
28284
27951
28284
28616
28616
28284
31611
28950
28284
28284
28284
28284
35272
28616
28283
28616
28283
28284
28284
28283
28616
31611
28617
28616
28616
32277
28616
28283
28616
28616
28284
29282
32942
28616
28616
28616
28616
28284
28284
28284
28617
34606
38266
41926
36936
28949
28616
28616
36270
27951
28284
28617
28284
28284
28616
28950
28617
28617
28616
28283
28616
28284
28617
28617
28284
28617
28949
29947
28284
28616
28617
28616
28616
27951
28284
28617
28284
28616
28949
28950
28284
28617
28616
28617
28617
28617
30280
28949
28284
28284
28617
28617
28617
28950
28617
28616
29947
28617
28616
28617
28616
28616
28616
29281
28616
28616
28616
28617
28617
28616
28616
28949
28617
28617
28616
30281
28616
28949
28617
28616
28949
28284
28617
28949
28949
28950
28616
29282
28616
28949
28617
28617
28949
28949
30613
28950
28949
28616
28617
28949
28949
28949
28950
28949
34939
28949
28949
28949
28949
28616
28949
29282
28616
30280
28949
28616
28949
28616
28617
28949
28949
28617
28949
29282
28949
28949
28949
29282
28950
28616
28616
28949
30280
29282
29282
29282
28950
28949
28949
28949
28949
28949
29282
29615
28949
29282
29282
29282
28949
29282
29282
28949
29282
28949
28949
29282
29281
28949
29614
30945
28950
29282
28950
28949
29282
28949
28949
29282
29282
29282
29615
29282
28949
29282
29282
29282
28950
28949
32609
29614
29282
29282
29282
29615
29282
29282
29282
30280
29282
29282
29282
29615
37268
37601
38266
41926
29948
29282
29282
29282
29282
29282
28949
29282
29282
29282
29614
29614
29282
29614
29282
29282
29281
29282
30946
29615
29282
29281
29282
29282
29282
29282
29282
29614
29282
28949
29282
29614
29282
29615
29282
29615
29282
30946
29282
29281
29282
29282
29614
29947
29282
29281
29615
29615
29282
29614
29615
29615
29282
29615
29282
29282
29947
29282
29947
29615
29615
29615
29614
29615
31279
29615
29615
29947
29282
29615
29615
29615
29282
29615
29282
29947
29615
29282
29282
29614
29614
29615
29948
31279
29614
29615
29615
29614
29615
29615
29948
30280
29615
29615
29615
29615
29614
29614
29614
29615
29948
29948
30613
29615
29948
29282
30281
29948
29615
29948
29947
29614
29947
29615
29615
29615
29615
29615
29282
29947
29615
31279
29615
29947
29948
29948
29615
29615
29615
29948
32277
29947
29614
29947
29614
29614
29614
29614
30280
30280
29947
29947
29614
29947
29947
29948
29615
29948
29615
31278
29615
29947
29614
29947
30280
29948
29615
29948
29615
29947
29947
29948
29948
29947
29947
29947
29947
29947
31278
29947
29947
30280
30280
29947
29615
29947
30280
31278
30281
30280
29614
30280
35604
29615
29947
29947
31944
30613
29948
29947
30280
30280
29948
30281
30280
30280
29948
29947
29614
29615
29947
29947
30613
30280
29947
31611
29948
29948
30280
29947
30280
30280
29948
29948
72207
30613
30280
30281
29947
30613
30281
29947
31611
30280
30280
29947
30280
30946
29947
30280
30281
29948
31611
30280
30613
30613
30280
29947
30281
30613
30280
31944
30281
30280
29947
29614
29948
29948
30280
30280
30945
31278
30280
30613
30280
30280
30280
29948
30280
30613
31944
30280
29947
30280
30280
30281
30280
30945
30613
32277
30280
30613
30613
30612
30613
30945
30280
30281
31944
29947
30613
30613
30945
30946
30280
30613
30613
30613
30613
30613
30613
30613
30280
29948
29947
30280
30613
30612
30946
30946
30280
30280
30612
30281
30613
30613
31944
30946
30613
30613
29947
30280
30613
30280
30613
30946
30613
29947
30613
30613
30613
30612
30946
30946
30613
30613
30613
30280
30613
30281
30946
31279
30613
30613
40928
30945
30613
30613
30613
30613
30945
30280
30280
31944
30613
30613
31278
31279
30946
30613
30613
30613
32276
30946
30613
30613
30613
30613
30280
30945
30613
32277
30613
31278
30613
30946
35271
36270
35604
45254
31944
31278
30613
30613
30613
30613
30613
30613
32942
31611
30613
30613
30946
30945
30945
30613
30946
30613
30945
30280
30945
31278
30946
30613
31611
31278
30945
30945
37268
41261
31278
30946
30945
31278
30945
32277
30613
30946
30613
30945
30946
31278
30946
30613
32276
30946
30946
30945
30945
31278
30945
30946
30946
31944
30946
30946
31611
31611
30945
30945
31278
30945
32277
30946
30946
30946
30945
30945
30280
30613
31278
30945
31611
31611
30946
31278
30946
30946
30946
30946
30946
31278
30946
33941
30945
30946
30946
31279
30946
31611
31278
30945
30945
31278
33940
39597
39264
36602
34938
42592
39930
30945
31279
31278
31611
31611
30946
30945
31278
31278
31278
31279
30946
31279
31279
32609
30613
30946
31611
31279
31944
31611
30946
31278
32609
30946
31278
31278
31279
31611
31278
31278
30945
32942
30945
30945
31279
31611
31279
30946
31278
31278
34274
31611
31611
31611
31278
31279
31279
30613
31279
42592
32276
32276
31278
31278
31612
31279
31611
31611
32942
31278
30945
30945
31279
31278
31278
30946
33607
31279
30946
31278
31279
37268
31611
31278
31611
31944
31611
31278
30946
31611
31279
31279
31278
33607
31278
31278
31278
31278
31278
31278
31278
31611
39597
44921
44921
30946
31944
31278
31944
31944
31612
31278
37267
37601
38266
40596
39597
36602
31943
31612
39264
31611
34273
32277
40263
32277
40928
42259
44921
43923
44589
37268
31944
31611
31611
31611
31278
31611
31612
33275
31611
31944
31611
31611
31279
31611
31611
31611
31944
38266
39265
43590
40263
45254
46585
46918
45586
45587
40262
39597
31611
31944
31944
31944
31612
31611
31611
31611
30945
31278
34605
31944
32609
31944
31278
31611
35272
31944
31944
31611
31611
31944
31611
31944
31611
31943
31611
31611
31611
32276
31944
31611
31611
31944
31611
31612
31611
35604
31944
31944
31611
31944
31944
31611
32277
32277
33274
31612
31944
31943
31944
31944
31611
31944
31611
31611
31611
31943
31944
31944
32276
31944
31944
31943
34273
31944
31944
31944
31611
31944
31611
31944
31944
33608
31944
31944
31612
32277
31944
31611
31943
31944
33275
31944
32277
32277
31944
31944
39264
31943
40928
37934
43923
35604
31944
31944
31944
31944
33607
32277
31944
31944
32277
31611
31943
31944
31944
31944
32277
32609
31943
32276
31943
31943
32277
32276
33275
32277
31944
31944
32277
32276
31944
32277
31944
32277
32277
32277
31944
31944
31944
31944
32277
32609
31944
32277
31944
31944
32277
32277
32276
32610
32276
31944
32276
31944
32277
32277
31944
32277
32276
31611
31944
31943
31944
31944
32609
32942
31944
32276
32277
31944
32276
32276
31944
32276
31944
31944
32277
33941
35937
41261
32610
32609
32277
31611
32277
39265
40928
38931
39264
39597
32942
32610
47251
34606
32942
32942
36270
34273
33275
35937
41593
39264
39930
38266
39265
39930
41594
32277
32277
38599
41927
39930
32942
40595
34606
42592
42259
42259
41593
33608
41593
32942
35604
41593
55902
42924
48581
39597
40928
42592
42259
41927
41926
40595
39598
42925
41261
40596
42592
63555
42592
42592
34939
42592
42924
44921
42591
47583
43923
40596
44255
42259
59229
41927
46585
67548
43258
40929
42924
42925
42259
42259
47583
41926
40928
45587
41261
43590
43922
39930
33940
32942
32942
32609
32942
36935
32942
32942
32942
32276
32942
52242
45920
36602
32942
33275
37601
33275
33275
32943
32942
32942
33275
33275
32942
33275
33275
32942
33275
32942
36269
33275
33275
38598
33275
33275
33275
32942
33275
36935
33608
33275
33275
32943
33275
33275
32943
33275
33274
33275
38599
33608
33275
33275
33608
33275
36603
33275
33275
33275
33275
33274
33275
33275
33275
33275
33608
35271
33275
33275
33608
33608
33275
36935
37600
40263
49579
39597
33608
33608
33608
35272
33608
33275
33607
33274
33608
33608
33608
33275
33275
33275
33275
33608
33275
33275
33275
33275
34939
33608
33608
33275
33608
33608
33274
33607
33275
35271
33607
33275
33274
33275
33275
33274
33607
33607
48581
33608
33608
33941
33275
33275
33275
33275
34939
33274
33608
33608
33608
33607
33607
33607
33607
34938
33940
33608
33275
33608
41594
33940
33940
81191
33941
33941
33275
33607
33607
33275
33608
35272
33940
33941
33275
33275
33940
33607
33608
35271
33608
33275
33608
33275
33608
33275
33608
34938
33940
33940
33275
33274
33607
33275
33608
33607
36603
33940
81523
51576
34273
33940
33608
34273
33941
53240
33940
40928
33941
42925
44922
44589
42925
34605
45919
44921
62224
45587
44255
34273
34606
34606
33607
41926
329422
49912
50911
47916
48581
48914
48249
49912
48249
49247
49246
48581
48914
51244
46585
46918
48249
47915
85517
56567
44256
42592
43257
44256
45587
43257
45254
40928
42592
43257
45587
45919
47250
43923
42592
43590
47916
44256
45254
46918
47251
54903
42259
45253
45253
43922
44256
51909
45587
45586
45254
38599
34273
38266
33940
33940
33608
45920
44589
51244
43923
61558
75201
68546
46918
45586
43258
42259
34273
33940
33941
37933
33941
34274
33940
34273
33941
34606
34273
38266
33940
34273
34273
33940
34273
34273
33940
33941
34273
33940
51576
33941
34273
34273
33941
33941
37268
34273
33941
34273
33941
34273
33940
33940
33940
33940
33940
51909
34938
39930
34273
33940
34273
34273
34273
34273
33940
34274
33940
33940
33941
37601
34273
33941
34273
34606
34273
33941
39930
45586
42259
44921
41594
34939
34273
34605
49579
40263
34606
34606
34938
34938
34273
33940
38266
42259
44921
34939
34606
34273
34273
34606
33941
52241
34938
34606
34938
34938
33940
37601
34274
34273
34273
34274
34273
34606
34273
34273
33941
34606
51576
34605
34274
34938
34273
34606
34606
34273
34273
34273
34606
35271
34273
34606
36935
33940
34273
34606
35272
34938
34274
34273
34606
34606
34606
34606
34606
34606
34606
33941
34273
177022
36935
37601
35271
38598
37600
34606
34606
34605
38932
34939
34605
34606
36270
34606
34273
39265
44589
47916
48582
48581
48581
44256
37601
35271
34939
34938
34939
44921
49912
45587
44256
34273
34606
38932
35271
35271
34606
34606
34606
34606
34606
36270
34273
34606
34939
34273
34273
34273
34606
34606
35604
35604
34606
34606
34939
34606
34606
34939
36269
34939
34606
34606
34274
34939
34606
34939
35937
35604
34938
34273
34606
34939
34939
34606
34939
36935
34938
34938
34606
34606
34939
34939
35271
35272
34938
34939
34939
34938
34939
35271
34938
34606
36602
34273
34938
40596
35272
34938
35937
35605
36602
34938
34939
34939
34939
34938
34939
34939
36602
34939
34938
34939
34939
34938
34938
35604
34938
35937
34939
34939
34938
34939
34939
35937
34938
34939
36603
35937
34939
34939
35937
36270
35271
34938
36603
35271
34938
35271
34939
35271
34939
34606
34606
34605
35272
34938
36270
35937
34939
35271
34939
36603
35271
39264
40263
41594
43590
35937
47916
35604
35271
35271
35271
35604
34939
34606
38599
35272
35272
34938
35271
35604
35272
34938
34939
34606
35271
35272
35937
43257
35604
35271
35271
35604
35271
35272
35271
35271
35272
35271
34606
36603
35605
34938
35937
35937
34939
35272
35272
34938
35271
35272
35604
35604
35272
35271
34939
35604
36936
35272
35604
36270
35272
35271
35271
35272
36935
35272
35604
36270
35271
35272
35604
34606
35271
35605
36269
36269
35605
35271
35271
35604
35604
37268
35271
35271
35604
35271
34939
35271
35604
35604
36270
35937
35604
35604
35272
35272
35604
36935
35937
35604
35271
35604
35271
35604
35605
35604
35604
36603
35604
35271
35605
35271
35604
35937
37268
36269
35604
35604
36603
69212
49247
43258
44921
42925
45587
45587
44588
44256
44922
45254
36270
35937
44921
35937
52907
35272
35605
35604
103152
36270
35604
35937
35604
35604
35937
35937
35604
40929
35936
52907
35271
35937
35604
35937
35605
43590
36269
35937
35604
35936
35936
35937
35937
38932
35937
53240
35937
35271
35937
35937
36935
41926
35937
35937
35936
35937
36270
36270
35937
35937
35937
35937
36270
38932
36270
35604
37268
35937
35937
35937
35936
35937
36270
35937
35937
40928
35937
53573
35271
35937
35605
35936
35937
39597
35937
35937
35937
35937
35937
36270
35937
38599
35937
53240
36270
35271
35937
35937
37268
39930
35937
35937
36269
35937
36270
36270
35936
36269
35937
52907
36270
36270
35937
35937
36935
39930
36270
36269
35937
35937
35936
35937
35937
36270
35936
35937
36602
36603
35936
36269
36270
36602
36270
35937
35937
35937
36270
36269
36269
36603
38599
35937
36269
36269
36602
36270
36603
36602
36270
35937
36269
36270
36270
36270
35936
36270
36603
36269
36270
36270
36269
36270
36935
36602
35937
36269
35937
36270
36602
36269
36270
36269
38931
36269
53573
36603
36270
36270
36270
36602
39264
36603
35937
36269
36603
36602
36602
36936
38931
36269
53573
36602
36270
36270
36602
36936
38932
36269
36270
36269
36603
36602
36270
36603
38931
36602
54238
36603
36602
36269
36935
37601
40928
36603
36603
36270
36602
36270
36602
36935
38932
36270
67880
44921
43258
45587
49247
36935
36603
35937
36603
36602
36935
36935
36603
37600
36270
36603
36603
36602
36602
36603
36935
37268
67215
36602
36935
36935
36602
36935
36603
54238
36935
35937
36602
46585
44921
44921
47583
47583
36935
39930
36935
55236
36935
38266
36935
36935
41593
36602
36935
36935
36603
36603
36602
36935
39264
36270
54238
36935
36935
36602
36936
37600
39265
36936
36935
36603
36602
36603
36935
36935
44256
36935
53572
36935
36936
36603
36602
36935
39597
36602
36602
36603
36935
36602
36935
37933
39265
36935
54238
36935
36935
36935
36936
36936
39264
36935
36603
36935
36935
36935
36935
37268
39265
36270
53573
36935
36935
36935
36935
37601
39597
36935
36935
36935
37267
36935
36935
37268
39597
36936
53905
37268
36935
36935
36935
36935
43591
37268
36935
36935
37268
36935
37268
37934
45919
37268
37268
36935
37268
36935
36935
37267
37268
36935
36935
37268
37268
36935
37268
37268
42592
36935
37601
39265
37600
37268
36935
40596
37268
37268
37268
36935
36935
37268
37600
39930
37268
37268
37268
37268
37268
37268
36935
39930
37268
36603
37267
37268
37600
37267
37600
42925
37601
37268
37268
36936
37268
36935
37267
37268
44588
48914
45919
51909
37601
40596
37600
37601
37601
36935
37268
37267
37268
37600
37601
37933
37268
37268
37268
37268
37268
37268
37600
37934
37601
37268
37600
37600
37268
37600
37268
37600
37268
36935
37268
37268
37601
37600
54571
38266
37268
37267
37601
37268
40262
37933
37601
37600
37601
37268
37268
37267
37600
54571
37934
37933
37601
37268
37268
42259
37933
37934
37600
38266
37268
37601
37601
71874
37601
37933
37933
37933
37268
37600
40263
37934
37933
37933
37601
37601
37600
37267
242906
37933
37934
37600
37933
41261
37933
37934
37600
37601
37934
37600
37601
178353
48581
37933
37601
37934
72539
37934
37933
37933
37601
37267
37601
37933
40595
37933
39265
42259
37933
37600
40596
37933
37934
37933
38266
38266
37601
37600
63223
71208
37934
37934
37933
37933
37601
40263
37601
37933
37934
37934
38599
38266
37934
40262
37934
38267
38266
37933
37934
38266
37933
37934
37601
37933
37934
37933
37934
38266
37933
38266
37933
37934
37934
38267
37933
38266
40262
38266
37933
37601
37933
37934
38599
64554
69545
37933
37933
38266
38267
38266
72207
37934
38266
37933
37601
37600
38266
37934
38599
37934
37933
37934
37934
37933
38266
37934
38266
38266
37933
37934
37933
37934
37934
38266
69877
38599
37933
38266
37933
38266
41261
38266
38266
38266
37933
37934
37933
37601
40929
38266
38932
38932
38266
38266
38266
66550
38599
38599
38266
38266
38266
38266
37934
40595
38599
38266
38932
38599
38266
38266
73870
38266
38266
37933
38266
38266
38267
37933
71874
63222
38599
38599
38266
38932
38266
69878
38599
38266
38267
38598
38599
38599
108476
40596
38599
38266
38599
38266
72872
39265
38266
38266
38266
38266
38266
38599
38266
70211
38599
38266
37934
37934
38599
41261
38932
38931
38266
38266
38266
38266
38266
73538
71874
38931
38599
38599
38266
38599
43923
38599
38598
38932
38599
38599
38266
41261
72206
38932
38599
39265
38599
38266
66218
38266
38598
38599
38931
39265
38598
38599
38599
71209
38599
38932
38599
38599
38266
40928
38266
38267
38932
38266
39597
39597
38599
38599
70543
38598
38932
38599
38599
38599
43257
38599
130105
38931
38599
38931
38599
39264
71874
38266
38599
38932
38931
38932
39264
40263
38599
38932
38599
38266
38932
41261
39597
39597
38931
38599
38599
38932
38931
39264
38599
38932
38932
37934
38266
38266
49247
70876
39930
39597
38598
38932
38599
68546
39264
38598
38932
38932
38932
38598
73205
68213
38932
38932
38932
39597
38931
41261
38599
38931
38932
39264
39264
39930
38599
42592
38932
44921
45587
46918
68546
40263
39264
38932
38932
38931
39264
39265
41926
38931
38932
38599
38599
38599
38931
38932
39930
40262
39264
38932
39264
38932
39264
41926
72539
39264
38932
39265
38931
39265
71541
39264
39265
39597
39264
40263
38931
39265
39265
71541
39264
39930
39264
38932
39264
74203
39265
39264
39930
39929
39265
38932
41926
39264
39597
39597
39264
39264
39265
38599
40263
40263
39597
38931
39930
40263
38931
41927
39264
39265
39598
39265
39264
39264
39264
39264
47916
45919
39264
39264
39264
42592
39264
39264
39264
39264
39264
39597
39597
40263
39265
39265
39265
38598
39265
39264
69545
71874
39598
38932
39265
39597
39265
42259
39264
39597
39264
38932
38598
38599
39264
41926
71874
40262
39264
39264
39265
39264
87180
42260
40263
39930
39597
39264
38599
39930
39264
39265
39929
40263
39265
39264
39597
39597
39597
39598
39597
40262
39265
39598
39597
38931
42592
39930
40595
40262
39597
74536
39598
39597
39597
39930
39597
39598
41261
39597
38599
38932
39597
39597
40595
39930
41261
39597
39597
39597
39597
39597
39597
39597
41261
39597
38931
39930
39597
39597
39597
40596
39597
39597
39597
39930
39930
39597
39929
40263
39597
39597
39597
38932
39930
39597
40928
41926
39930
39930
39597
39930
39597
39929
39930
41593
39598
39597
38932
38932
39930
39930
40928
40595
39597
39929
39930
39597
39930
39929
39930
39930
39930
39930
39265
39930
39930
39930
41261
41261
39930
39598
39597
39930
40263
39930
41593
40262
39930
39930
39930
39264
39930
39930
42259
41261
39930
39930
39930
39930
40263
40263
39929
39929
39930
39930
39264
38932
40263
41593
41261
40262
39930
40262
39930
39930
39930
41261
39930
40262
39930
39930
39264
40263
39930
41594
39930
40928
39930
40263
39930
39930
40262
40263
40263
40595
39929
40263
40263
39597
41926
39930
41261
41594
40263
40263
39930
40262
41926
40263
40262
40262
40263
39930
39264
42259
40595
40263
41261
40595
40263
49913
50245
40595
44921
40263
40263
40596
40263
40262
41926
40262
40262
40263
40263
41261
40262
40263
45254
40263
40596
40263
40595
40595
39930
40263
40263
40262
40596
40263
41261
41261
40262
41593
40263
40262
40262
40595
40263
40263
40262
41926
40263
40263
40263
40262
40928
40595
40263
40595
40262
40263
40928
40263
40263
40596
43923
40595
40595
40595
40263
40595
40263
40595
41927
40595
40262
40595
40595
40595
40929
40928
40262
40595
40595
40262
40595
40263
41261
42259
40595
40595
40595
40595
40596
40596
40595
46917
40928
40595
40263
40596
40596
40595
42924
41261
40595
40595
40595
40595
40595
40595
42592
40928
40595
40595
40262
40596
40596
40596
40595
40928
40596
40928
40595
40595
40595
46918
41261
42259
40595
40928
40595
40928
40595
53905
41261
41261
40595
40595
40596
40596
42592
41260
40928
40595
40928
39930
40595
40928
40928
40928
47250
42259
40596
40595
40928
47250
41261
40928
40928
40928
40928
40595
40929
40928
40928
40928
40928
41261
40595
39930
42592
40928
41261
40928
40928
41927
40595
40595
40928
40596
40928
40928
41261
41261
40928
42259
40928
40928
41261
41261
40928
40928
40928
41926
40595
40928
41261
40929
41261
41927
42259
40928
40929
40595
41260
40928
40929
41261
48914
40928
41261
41261
40928
41260
41261
42925
40928
40263
41261
40928
41261
41261
40928
43257
40928
40928
40928
40928
41261
40928
41260
41261
41261
40928
40928
41261
41261
41261
42592
41261
41261
40263
40928
40928
41260
40928
71208
54238
53240
45919
41261
41261
46585
41260
41261
41261
41261
41261
41260
41593
41261
41261
41260
41261
40928
40928
41260
42592
41261
41261
41261
42259
40928
41594
41261
42924
51909
57899
42592
41594
41594
43258
41261
41594
41261
41594
41261
41261
41260
40928
41261
41261
41593
41261
41594
42259
42925
41261
48914
41593
41927
41594
41593
43257
41593
41261
41594
41593
41261
41261
41261
43257
41594
40928
41261
41593
41261
41593
41594
42259
41594
41594
41594
41594
41594
41593
41926
41594
41593
41261
41261
41593
41594
43258
41594
41594
41594
41261
41261
41260
41594
43258
41926
42259
41593
41594
41594
41593
43590
41593
41594
41927
41593
41593
41594
41594
43257
41593
41594
42259
41594
41593
41593
41594
41927
41594
41927
42592
41594
41594
41927
43257
41927
41594
42259
41927
41594
41594
41593
42259
41926
41927
41594
41926
41593
41593
43257
41594
41926
41593
41927
42592
41593
41926
41593
41594
41927
41927
41927
42259
41593
43257
41594
41927
41927
41927
41926
42259
41927
41594
41926
41926
41926
41927
41927
42259
43257
41594
41927
41927
41926
41594
42259
42260
41926
41926
41926
42259
41926
42259
41926
43923
41926
41926
41593
41594
42259
41926
41926
42591
41926
41926
41926
41926
41927
41926
43923
42259
47916
41926
42259
42259
41926
41927
42260
42592
41927
42259
41926
41927
42259
43923
42259
42259
41926
42259
41926
41594
41927
42259
42924
42592
42259
41927
41926
42259
46917
42592
41927
42259
42259
42259
41927
43590
42259
42259
42592
42592
41927
42259
42259
43590
42260
42259
41927
42259
42259
41926
43590
42259
42259
42259
41926
42592
42259
41927
43590
42259
42259
42259
42259
42260
42259
43590
42259
41926
42259
42259
42592
42925
42259
42259
42592
42592
42592
42592
42259
42259
43923
42259
42259
42259
42592
42259
42925
42591
42259
42259
42259
42592
