10980
5989
1664
1996
2662
6323
2329
3660
6322
3328
3993
2995
2994
2662
2329
2995
2662
2329
2662
2662
2662
2662
2329
2662
2329
2662
2329
2329
2662
2662
2662
2662
2662
2662
2662
2330
2662
2662
2662
2662
2662
2662
2662
2662
2662
2329
2661
2662
2995
2662
2662
2995
2994
2662
2662
2662
2995
2662
2662
2662
2662
2995
2995
2662
2995
2995
2662
2995
2662
2662
2995
2995
2661
2662
2662
2662
2662
2994
2662
2994
2994
2662
2995
2994
2662
2995
2662
2995
2994
2995
2995
2662
2662
2995
2662
2662
3327
2662
2662
2662
2662
2662
2329
2329
2662
2662
2662
2662
2662
2662
2330
2662
2662
2662
2330
2330
2662
2662
2662
2329
2662
2662
2662
2662
2662
2662
2662
2662
2662
2995
2662
2662
2662
2662
2662
2994
2662
2662
2994
2995
2662
2662
2662
2662
2662
2662
2662
2662
2662
2995
2662
2662
2995
2994
2662
2662
2662
2662
2995
2995
2662
2994
2662
2995
2662
5657
2995
2995
2662
2662
3660
3328
2662
2662
2662
20630
3327
3327
2994
3327
2995
2994
2995
2994
2994
2995
2995
3328
3327
2995
2995
3327
2994
3327
3328
2995
2994
3327
2995
2994
2995
3327
2994
2995
2994
2995
3328
3327
3327
3327
2995
2995
3328
2995
3328
2995
3328
3328
3328
3328
2994
3327
3328
3328
3327
3328
3328
3327
3327
3327
3327
2995
3660
3661
4659
4658
3660
4326
4991
5324
3993
3660
3660
3327
3327
4658
3660
3328
3328
3660
3327
3661
3660
3328
3660
3328
3328
3993
3328
3660
3327
3660
3327
3328
3327
3328
3327
3660
3660
3660
3660
3660
3660
3328
3660
3660
3328
3327
3660
3660
3660
3660
3661
3660
3660
3328
3660
3661
3660
3993
3993
3660
3660
3660
3328
3660
3660
3660
3660
3993
3660
3660
3660
3660
3660
3993
3660
3660
3993
3660
3660
3661
3660
3660
3660
3660
3993
3660
3661
3993
3660
3993
3661
3660
3993
3993
3660
3993
3660
3660
3660
3993
3993
3993
3660
3661
3993
3993
3660
3660
3993
3660
3993
3660
3993
3993
3993
4326
3993
3993
4325
3993
4325
3993
3660
3993
3993
3661
3993
3993
3993
5657
5324
4658
4325
3993
3993
3993
3993
3993
5990
6322
7653
4991
4325
5989
4658
4326
5324
4325
4326
3993
6655
6323
4326
4325
3993
3993
3993
4325
3993
3993
4326
3993
4326
4326
3993
3993
4325
39264
6322
5989
5990
4658
4659
3993
4326
4326
4326
3993
4325
4325
4325
4326
3993
4326
4326
3993
4325
4326
4326
3993
4325
4326
4326
4326
4325
4659
4326
4326
4325
4325
4326
4658
4326
4326
4326
4658
4326
4326
4326
4325
4659
4658
4326
4326
4658
4326
4326
4659
4326
4326
4658
4326
4325
4659
4326
35272
4991
4659
4659
4325
4659
4659
4658
4659
4325
4659
4659
4659
4325
4326
4325
4659
4658
4326
4659
4658
4658
4658
4658
4659
4658
4659
4658
4659
4658
4991
4658
4659
4992
4992
4659
4658
4658
4659
4659
4991
4658
4991
