71208
42924
43922
41594
31279
30280
30613
30946
35272
30613
30280
30946
30945
30613
32277
30613
30613
30946
30280
30280
30613
31944
30613
30613
30613
30613
31279
31611
30946
36602
30613
31278
31278
31278
30613
30280
30612
30613
30613
30946
30946
30945
31279
30280
30613
30946
30612
30613
31611
30946
30280
30946
31278
30613
30613
31279
30613
30946
30613
31278
30946
30613
30613
30613
30946
30946
30613
30613
30613
30946
36270
37600
30946
30946
35271
31612
31278
30946
30613
31611
31278
31279
30613
31611
30946
30613
30613
30613
30280
35271
31944
30946
30946
31278
31278
30613
33275
30946
30946
30946
31279
30613
30945
31278
30613
30946
30613
31278
30613
30613
30613
30613
30613
30946
30613
30613
30613
30613
30613
30613
30613
30613
31278
31611
35604
30945
30613
31279
31278
31279
30613
30613
30613
30613
30946
30946
30613
30613
31611
30613
30613
30613
32277
30613
31278
30946
30946
30613
30946
30612
30945
32943
30946
30946
30945
31943
32942
30613
30945
30946
32277
31278
30946
30613
30613
30946
30612
30945
30946
32277
31611
31612
31611
30613
31278
31611
31278
31611
32276
30946
30945
30946
31278
31278
30946
30946
31944
32610
30946
31278
30946
30945
31611
30946
30946
30945
32943
30946
31278
31944
30946
31279
30946
31944
30946
32609
30945
31278
30946
31278
30946
31279
30946
30945
32610
30946
30946
30946
31944
31944
31611
30946
30946
31944
31611
31611
31278
30946
38266
31278
30945
31278
32610
31279
31944
30945
31279
30946
31278
31279
31943
32942
31279
31278
31611
30945
31611
31944
30946
31278
32610
32277
31278
31279
31278
31279
30946
31944
31278
32610
31278
31278
31278
31279
31278
31278
32277
32277
33275
31278
31279
31944
31611
31944
31279
31278
31279
32609
31278
31279
31278
31278
32277
31278
31279
31278
32942
31279
31944
31611
31278
31278
31944
31279
31612
34938
31611
31612
31279
32277
31611
31278
31279
31279
34273
32277
31279
31611
31279
31611
31611
31279
31611
33275
32277
32276
31944
31612
31611
32277
31944
31944
32942
31611
31611
31611
31612
31611
31279
31278
32609
32943
31611
31611
31944
31611
32277
31611
31278
31611
31944
31611
31611
32610
31278
31611
31611
32276
31612
33275
31611
31611
31611
32276
31611
31611
31611
31279
31944
31611
31944
31612
32276
32610
31944
31611
31944
32942
36270
35604
33608
39264
33608
32277
37601
37268
38598
38599
39597
39930
39265
40596
38266
39597
38931
39930
39264
39930
44256
37933
51576
48915
32610
31944
32942
34606
31943
31944
46585
40928
32609
32609
31944
33608
31944
31944
31944
32277
32277
31944
32610
34606
31611
31944
31944
31944
31944
32610
31944
31944
31944
31944
32277
32277
32609
31944
32609
32942
31944
31944
31944
32277
31944
32609
31944
31944
32276
31944
31944
31943
32942
32277
32942
32942
31944
32276
31944
31944
32277
32610
31944
31944
32277
31944
32276
32276
34274
32277
32942
32942
31944
32277
31944
32276
31944
34273
32276
32276
32277
31944
32277
32609
32942
32276
34606
33275
32277
31944
32276
32277
32277
32942
32277
51243
50911
32609
32942
32609
33274
33940
33275
33275
32277
32277
32276
32277
32276
32942
32609
32277
34606
31944
32277
32277
32942
32276
33274
34606
32277
32276
32277
32610
32276
32943
32609
32609
34273
32277
32276
32610
32942
32609
33275
33607
32610
32276
32277
32609
32277
33274
32277
32609
32609
32277
32277
32610
32942
32276
33275
33275
32277
32276
33941
32277
32276
33275
32277
32609
32277
32277
32609
34273
33275
32276
33608
33275
32609
32276
32610
32609
33940
33275
32277
32276
32610
32276
32610
32610
33275
32610
33608
33608
41594
32609
32609
32609
32610
35272
32609
32942
32609
32610
32609
32942
33274
33941
33941
33608
32943
32610
32609
33275
33608
37933
32942
32610
32609
32610
32610
32609
32942
32277
35271
32609
32610
32942
32609
32609
33275
32610
32609
32942
33275
32609
32609
33608
32943
32609
32610
33608
32942
32943
32609
32942
32942
33940
32609
32609
33941
32609
32943
32942
32942
32942
33608
33940
33275
34274
32942
33608
33608
33608
32942
32942
32942
32610
37933
32942
32942
32610
33940
32942
32942
32942
32943
32942
33608
33275
32942
32942
33275
32942
33275
40928
37933
35937
33275
33940
32942
33275
33275
32942
32942
33940
32942
33275
32942
32942
32943
32942
32942
33275
33941
33940
33608
32943
32942
33941
33941
33940
33275
32942
33275
32942
33275
33274
33275
39930
34274
33275
33275
33275
33274
32942
34273
32942
32942
33275
33940
32943
33275
33940
32942
33275
34606
33941
33275
32942
33275
33275
32942
34273
33275
37268
33275
33275
33275
33275
33275
33275
37267
38599
33941
33274
33608
34273
33608
34273
33275
33275
33274
33275
37601
37600
33607
33275
34273
33275
35271
33275
33607
32942
34273
33274
33275
33275
33607
32942
33608
34273
33275
33608
33274
34274
33608
34939
33275
33608
33607
34273
33275
33274
33607
33608
35271
33607
33608
33275
34273
34606
34274
33607
33608
34273
34273
34606
33607
33275
33608
33608
33607
34939
33275
33607
34606
33275
33275
33941
33608
33608
35937
33608
33274
33608
34273
33275
33607
34274
33275
40262
37268
41926
43590
40929
33941
35604
33607
34273
33275
33275
33275
33275
33940
33608
34939
33608
34606
34606
34273
33608
33607
34606
34273
35937
33608
33607
33275
33607
33608
33608
33607
33608
34939
33607
33608
33941
33607
33608
34273
33940
35271
33607
34606
33607
33940
34606
33608
33940
33608
36269
33941
33608
33608
33608
33608
34273
33941
33941
33607
33608
33940
33607
33608
33940
34606
34606
35937
33607
33607
34939
34606
34606
33940
33941
33940
33941
34273
33940
33940
33608
34939
33940
33941
35604
33940
33607
34606
33940
33608
33608
34939
33940
33941
34939
33941
33940
33940
34939
33940
33940
35604
34273
33940
43923
34273
34274
43923
44588
34274
34273
33941
34274
34939
35271
34939
34274
33940
38599
45587
50246
46252
49913
51576
49913
41261
34939
33940
35937
35271
34273
34273
34274
34273
33940
34939
34274
33941
37934
34939
33940
34605
34939
33941
34273
34273
35271
34606
33941
33941
34273
34273
34606
34273
34273
33941
34273
34273
34273
34273
34273
35272
35272
34938
38932
34606
35604
34606
34606
34606
34273
35937
34273
34273
34606
34273
33941
35604
34273
34273
36270
34606
34273
34939
34606
34273
34273
35271
35937
34273
35604
34273
34606
34273
35271
34606
34606
34606
34273
34273
34606
34605
34274
34274
34273
34273
34273
34273
34606
35271
35604
34939
34274
34273
36935
34939
34938
34273
34273
34274
34273
34274
34606
34273
34273
35271
34273
34606
34606
34273
34273
36270
34606
34273
34606
34939
34606
34606
35604
34273
34606
34606
35604
34273
34606
34606
34605
34606
36935
34606
34606
34606
34606
34605
34606
34605
34939
35604
35604
35271
34606
34939
35271
34938
35272
34606
34605
34606
41594
34938
34939
34606
34606
37268
34606
34939
34938
34938
34606
35272
34606
34606
34605
35272
34938
34938
35605
34939
34939
34606
37268
34938
34606
34606
34606
34605
35605
34939
34605
34939
34938
34606
34606
34938
34939
35936
35937
36936
34939
34606
35605
35271
35272
34606
34606
36602
34606
34938
34938
34606
34939
35937
34939
34938
36602
34938
34606
35271
34939
34938
34606
35604
36270
34938
36270
34606
34606
37600
36269
34939
36603
34939
34938
34939
35604
34939
34939
34606
34606
40262
35271
35271
35272
36269
35937
35604
35271
36603
35937
35604
35604
34938
35271
35272
37601
35271
35272
34938
34938
35937
34939
37267
37268
37268
35272
35937
35272
34939
35271
35604
34939
36935
36269
35271
35272
34938
36270
35272
34938
37268
35937
35271
35936
35271
35271
34939
34939
35271
35271
34939
35272
36270
36269
35605
34939
34938
36270
35605
35937
35272
35272
35271
35271
34939
35271
35604
35272
36270
35271
35271
35272
35271
35271
35937
35604
35271
35271
36270
34938
35272
36602
36935
35271
36602
41261
39265
47583
60561
43923
35604
36270
35271
35271
34938
35272
35604
35271
35271
35271
36269
36270
35937
35604
35271
37934
36269
36270
35272
35271
35271
35271
35271
36935
35604
35272
36602
35604
35604
35604
35271
35271
36603
35604
35604
35271
35937
35272
35604
36269
36935
35604
35271
36603
35604
35271
35604
35272
36935
36602
37933
35937
35271
35604
35937
35604
35271
35605
36602
36603
35937
35604
35271
36602
36270
36602
35604
35604
35272
35271
35604
35604
35604
36935
36602
35604
35604
35604
35937
35604
36603
37268
35604
35604
36270
35604
35604
36602
35604
35937
35604
36935
35604
35604
35604
35604
35604
36602
36935
35604
35604
35937
35604
35937
35604
35605
38266
36603
36603
35604
35936
36936
36603
36602
35604
35604
35937
35604
35604
35937
35937
35604
36602
37268
35937
35937
35937
35936
36270
35937
35936
185674
37268
35937
35937
36935
35604
37601
35937
36602
35937
35604
35604
35604
35604
38266
35937
35937
35604
35604
35937
35937
35937
36269
46252
44588
36935
35937
35937
36935
36935
36935
35937
35937
35937
35936
35937
36270
35937
37601
36935
35937
35937
36269
35937
35937
36935
36270
35937
35937
36602
35937
36269
37268
35937
35937
36270
37268
35937
35937
35936
36270
35937
36935
37601
36270
35936
36269
35937
36269
36270
36270
38599
37268
37268
36270
36270
37268
36603
36603
35937
38931
36269
36602
36270
36270
36270
36270
39264
36269
36270
36269
36269
35937
37268
36270
37600
35937
37268
35936
36603
37268
35937
36269
37601
37268
36269
36270
35937
36270
36269
36936
35937
36270
36269
36270
36270
36269
36270
36270
37267
40262
56235
52242
43923
46918
54238
37601
36602
36270
36270
36602
36269
36270
36269
36602
37600
36603
36603
36602
36603
36270
37601
36602
36270
36603
37268
36270
36603
37600
36269
36935
36603
37601
36269
36603
36270
36602
36602
37268
36270
36269
36270
36270
36602
36603
36935
36935
37601
37601
37268
36270
36602
37601
37268
37601
36602
36602
36603
36603
36602
36603
36602
42260
37934
36935
36602
36602
36270
39597
37600
36935
36602
36270
37601
36269
36602
47583
36602
62890
36602
70543
36603
36602
36935
36602
36603
37601
36602
36602
36602
36603
53573
36935
36935
36602
37600
37934
37600
36603
36935
37933
37600
37933
36602
36603
36603
36935
54238
37268
36935
36602
37934
36935
36603
39597
36935
36603
37600
36935
36935
36602
37601
36602
64220
38266
36935
36935
36935
37933
36936
36935
36935
36935
36935
37601
36935
36935
36602
41927
37268
36936
36935
36935
37934
37934
37933
47250
37268
38267
37934
37601
36935
36935
36935
38599
40263
37268
36935
36935
37933
40263
36935
37268
36935
36935
37934
36935
37268
39930
42925
36936
36935
37933
36935
37268
36935
41261
37268
37268
36935
36935
36935
37933
36935
41261
42259
37268
36935
36935
36935
37268
38266
41261
37933
37268
37267
37934
37933
37934
36935
40928
41926
37600
37267
37268
36935
36935
38267
40596
37268
37268
37268
37268
37933
37268
37268
40262
44588
39930
37600
38267
37268
37267
37268
38599
37268
36935
37268
37268
36935
38266
37268
41926
37268
37268
37268
37601
37268
37268
38599
38599
38266
37268
37601
46252
38931
38598
41593
37601
37601
37268
37601
37268
37268
37268
41261
37268
37268
37601
37268
37268
38599
37600
40928
37601
38267
37268
37600
38932
37600
37268
37600
38599
37600
37601
37268
37601
37268
38598
48581
37933
37268
37268
37600
37601
37601
40595
38932
38599
37934
37601
37267
38599
38599
42592
37934
37601
37268
37600
37600
37601
37934
37601
38599
37601
37601
37600
37601
37601
38599
42924
37600
37601
38267
37601
37600
38932
39929
37933
37601
38932
37600
37601
37600
37601
40596
43258
37934
37601
37601
37601
37933
37934
40928
38266
38931
38932
38599
37601
37933
38932
41926
39597
37933
37600
37600
37934
37601
37933
44588
37600
38932
37601
37934
37601
37600
37934
42592
38266
37601
37601
38599
37601
37934
39265
37933
37934
37601
38932
37934
37934
37934
40928
47916
48914
47583
52241
43257
37933
41594
37933
37933
38266
39265
39265
38931
37933
42924
38931
38599
38598
37934
37601
37934
40928
37933
37934
37933
37933
39264
37933
38266
41594
40596
38266
38599
37933
37934
37934
38599
40928
37934
39265
37934
37933
37933
39264
38266
43590
38266
38266
37933
38598
38267
37934
38266
37933
37933
38266
38266
38266
39265
38932
38931
43257
38266
39265
38599
38932
37933
37933
41261
38266
38266
38267
38266
37934
39265
38267
41927
38266
38267
38266
38931
38266
38266
41261
38932
38266
38266
39265
38267
38267
38266
43258
38266
38599
38599
38266
38266
39265
38266
41926
38266
38266
38266
38266
38266
38599
39265
44255
39264
38599
38266
39265
38599
38932
41593
38266
38266
38267
38266
38599
38266
38267
43590
39930
38599
38266
38266
38266
39264
47916
38599
38266
39264
38266
38599
39597
38266
39597
39264
45254
51909
50245
41261
38931
38599
39597
38266
38599
38599
38266
40263
38932
38599
38599
39597
39598
39598
38599
38266
39930
38931
39264
41594
38931
38599
38266
38599
38599
38599
38599
39929
38599
38599
38266
38932
38266
39265
38931
38599
38599
39597
40928
39597
43590
39597
39930
58564
43923
39930
39265
82854
40596
39929
72206
46917
38932
38598
38599
38599
42591
50245
49246
48914
50245
49247
42259
40262
48248
50578
50578
38932
50578
40263
38932
38932
38931
46917
63222
52575
52241
50578
54571
49247
50910
51909
53240
49247
50578
50577
49579
52241
50910
50245
50245
50245
50911
51576
49580
49912
52575
50910
51576
48914
53906
51576
55237
56568
52242
49579
47916
40263
43591
48248
41261
39264
47915
42924
39930
38932
51243
39265
38932
38932
48248
39264
39264
40262
38932
46253
39265
39265
38931
39930
38931
38932
40595
39929
38932
38932
40262
38932
39264
38932
41926
39264
38931
49247
39597
41260
50910
54903
39597
38932
38932
38932
39265
38932
40928
40262
40263
40263
39264
39264
40263
39930
41593
38932
38932
38932
39264
39264
39264
39264
39265
40595
38932
39265
39265
39264
39264
39930
39265
39265
39264
39597
38931
39597
40596
38932
38932
39265
40595
41593
39265
39265
39264
40595
40263
39265
39264
38932
39265
39265
39264
40928
39597
40595
40595
40262
39264
40595
40595
41594
39930
39598
38932
39265
39264
39265
39597
39264
39597
40595
45920
39930
48249
49912
49912
58563
49246
50578
48249
58896
60227
60560
61226
51576
51244
48248
52241
48581
45919
50578
51909
50911
46917
50245
47916
47583
50245
50578
53240
52241
53573
48915
48914
55236
52575
55236
48248
49912
53905
55236
52907
52242
53573
53905
53240
53573
51577
54238
54904
51243
60560
48582
52907
52575
47916
47251
39930
40263
39264
39598
46252
48581
53240
85849
49912
49580
54571
51908
49912
51908
54571
104816
48582
75867
50578
191330
58231
57566
58231
57898
58231
60228
58231
58897
58232
56235
57899
55901
56234
56234
57232
58231
56900
58564
57898
57898
55237
56234
52241
54238
51244
56568
49913
51243
52241
52242
54571
45920
41594
39930
51909
40263
41261
39930
39930
39930
39930
39930
40596
39930
41594
39597
39930
39930
39930
39930
39930
41261
42925
41261
39930
39929
41261
40929
40595
39930
39930
39597
40262
39930
40263
39930
40263
41260
39930
39930
39930
40263
39929
41261
40263
43923
39930
40928
39930
39930
47583
49580
52241
40595
52575
53240
51909
40263
40263
40596
76200
46918
55236
42259
46252
40596
40263
40263
40262
41593
42925
45254
40262
40262
41261
40929
41261
40263
50577
57566
40596
40262
81191
57898
59562
59895
59230
62225
58564
59562
59562
55236
52241
73538
49247
49579
60893
59229
54903
66883
55236
60560
62556
59229
49913
55902
56900
56567
52907
52574
55901
59562
55236
52242
57899
53905
50578
41594
46585
41594
41594
51243
55570
51576
51909
49580
50911
79195
53905
42259
40596
40595
40263
41927
40596
40596
40596
47250
40595
41260
40595
40263
40262
41594
40263
40262
41926
40596
40595
40262
41594
40262
47916
42259
40595
40595
41261
40595
40595
41926
40596
40595
40595
40262
40596
41594
41927
43923
62556
40928
41926
41593
41594
40595
40262
40595
40595
40263
40596
40263
40595
41926
42259
40928
40928
43590
40596
41594
40595
41927
40262
41927
40596
40928
41926
40595
40596
42259
41926
40596
40595
40595
40595
40595
41927
40595
40596
40596
40595
40595
40928
40596
42259
41926
41926
41927
40596
40595
41926
41927
41927
40928
40929
40596
40595
40928
40929
42259
40928
41926
40595
40595
40596
41261
40595
46585
40928
40596
40596
41594
40596
40928
41926
40928
40596
40928
41926
40595
40928
40595
42259
40928
41926
40928
40928
40595
40595
40928
40929
40928
41260
42259
42259
41927
40595
43923
42592
41594
42259
40595
40928
40928
41261
40928
40928
40928
40928
42259
40928
40928
42592
41261
40928
41926
41260
40928
40928
42259
40928
41261
42259
40596
41261
40928
42259
42592
40928
40928
40929
40929
41926
40928
40928
40928
40928
41594
40928
40928
41594
42592
75201
50578
51908
51243
51576
53572
49247
51909
52574
48582
51909
57566
53905
48914
50245
59230
42259
50245
75534
47915
50911
48581
41594
41261
40928
41926
40928
41594
44256
41260
41261
41261
42259
41260
41261
40929
42925
41261
42259
41261
41261
41261
41261
42591
41261
41261
41261
42592
42591
41926
41261
42925
42592
42259
41926
41261
40928
41261
43923
41261
41594
41261
41594
42592
41261
41593
42924
44255
41261
42259
41261
41261
41261
43923
41593
41594
42925
41261
41594
41594
42592
42925
41593
41261
41261
41594
42592
41261
43258
41260
41261
41593
41593
41261
41927
42925
44256
42259
41261
41594
42925
42259
42591
43257
41261
41261
41593
41593
41593
41594
41594
50245
41927
41594
41594
41594
41261
42259
41927
41594
41594
42925
41594
41594
43258
44921
41594
41926
42925
41594
41927
41594
41926
41927
42592
41594
41927
41594
41594
41926
41926
41593
41926
42924
42924
42259
41594
41594
43258
42592
42925
41594
41594
41593
41593
43257
41926
41594
41594
42925
41594
41927
41926
41927
41926
46918
42259
41927
41594
42592
43257
41926
43257
41594
41927
41594
43258
41927
41926
41926
41926
41927
42924
41593
41594
56567
41927
41926
41926
41593
41927
43258
44921
42925
42260
41926
43590
42924
42924
41927
41926
41926
41926
41926
41926
41927
41927
44921
41927
41926
41927
41927
41926
42924
41927
41927
41926
43257
41927
41927
43257
41926
43590
41926
43258
42259
41927
41927
42259
41926
49580
53905
44588
42259
42259
70210
51243
110140
53572
43923
52907
51243
42259
68547
43591
48248
51576
42260
41927
41926
42259
42259
72872
47250
42259
43590
42259
41926
42592
66217
42260
42925
42260
41926
41926
43257
72872
42592
43590
42259
42259
42259
43257
55902
42259
42259
42259
42259
43258
71208
42259
42259
42259
42259
42260
42259
67548
43590
43590
43257
42259
41927
43590
45919
43591
42259
42260
41926
41927
42592
48249
44921
47583
43590
42259
42259
42260
45587
42259
43257
42591
42259
42259
43258
42259
42592
43923
42259
42259
42259
43590
42592
46252
42592
42259
42592
42924
42592
42259
49912
42591
42592
42592
42592
42924
43590
43590
43923
42592
42259
43922
43257
43257
42592
42592
42924
42592
42592
42592
42592
42591
47250
42592
42592
42924
42592
42592
43258
49580
42925
42592
43590
42592
42925
43923
42592
42924
42592
43923
42925
42592
42592
42592
42925
43923
42259
42592
42259
42259
42925
47251
42924
42924
43923
44256
43923
42592
89177
44255
43590
43257
42592
42592
42591
45919
42925
42925
42925
42591
43922
42592
50911
43257
43257
42592
43590
42924
42592
45920
43923
42592
42592
44256
42592
42925
45254
44256
43258
42925
42592
42592
42924
43590
59229
42925
42592
42925
42924
42925
42925
47916
44256
44255
43923
42925
42925
44255
46917
43590
42592
42925
42924
42924
42592
53240
52907
111804
47250
50245
50578
54904
56900
43258
43922
43257
44588
42925
43923
42925
43257
44256
42924
43258
42925
44589
43258
43258
47583
208301
56235
52242
162381
142750
43590
43590
43257
50578
44256
43257
44589
44588
43258
43257
44921
42924
43258
43923
42925
43257
43257
42925
43257
43257
44255
43258
44588
44588
43257
44921
43258
44588
43590
43922
42925
42924
44588
43257
42924
43258
42925
43257
44589
42925
43258
43257
43257
42925
43923
43258
43257
47250
44256
43257
43257
44588
43258
43258
44921
44588
43590
43258
43258
43257
43257
45919
43257
43257
43257
43257
43258
43257
43258
44921
44589
44921
44256
43257
42925
44589
44256
43923
43591
43258
43257
43257
43590
44922
43258
43590
44589
43590
43257
43590
46918
43590
44589
43590
43258
43257
44255
43257
44922
44922
43257
43590
43590
44921
46252
43590
43590
49580
43923
44255
43258
43590
44921
43590
43590
43923
43590
43590
44921
46584
44256
43591
44588
44921
44255
44256
43590
46585
43257
43590
43258
43590
43591
44921
44921
43590
43590
43590
43590
43257
44589
48582
43591
43590
44588
43590
43590
44921
44921
43590
43590
45254
43590
43590
43590
43590
43923
44588
43590
43590
43590
45254
43923
43922
43590
43923
44921
45254
44588
47251
43923
45254
44589
44589
43590
43590
45254
43590
43923
43923
43923
43590
45254
43591
43923
43922
43923
43590
44589
43923
45586
43923
44256
43590
43923
45254
43590
43923
52241
45254
43923
43590
43590
43590
43923
44589
43923
43590
43590
43923
43923
43923
47250
44256
45254
45254
44922
43590
43590
46585
45254
45254
43923
43590
43923
43923
54238
56235
48914
53905
60227
64886
64886
48249
44922
45253
45254
44256
51909
43923
45254
43923
44256
45586
43923
55237
54571
49580
44588
43923
60560
44921
44255
56235
44256
44255
48582
49912
78861
59230
44588
44256
48581
45586
45254
108476
44256
111138
45254
45254
44255
44255
44255
44256
47250
44255
44255
44255
45587
44256
44256
52242
44256
44255
44921
44255
44255
43923
49580
44255
44255
45587
44588
44589
64220
45586
44256
44256
44256
44256
44256
48248
44255
44255
43922
44255
44255
44588
63888
44589
45919
45919
45254
44256
44589
48582
45587
45254
44256
43923
44256
44256
65552
44588
44256
44255
45587
44256
44256
46918
44255
44255
45254
44255
44255
44255
64886
44588
44588
45920
44255
44255
44256
45920
44588
44588
67881
44588
44588
65219
44588
44589
44589
44256
44589
44588
44588
44589
46252
45919
45586
44588
44589
70210
54238
45920
44589
44588
44256
44588
48249
44922
44588
44255
45920
44588
44588
45586
45253
44588
45587
44921
44256
47583
45919
44255
44921
46253
44588
44588
51909
46252
118459
44588
44921
44588
47583
45919
44921
44588
44589
44588
62224
44921
44921
44921
45920
46252
45919
44588
47250
46252
45920
45919
44921
44588
61891
44921
44588
44921
44589
44588
46252
44921
44588
44921
44588
44589
45919
44921
62224
44922
45920
44588
44921
46252
44588
44921
44921
46252
44921
44588
44588
44589
62557
46585
45254
45254
44588
44921
44921
44922
44921
44921
46252
46585
46252
64887
45254
46252
46252
45920
44921
44921
47584
45254
45254
45253
45254
44921
46253
47584
44921
45253
44921
44921
45919
44921
47583
44921
45919
44921
45254
46585
44921
47916
45254
46585
44922
44921
44921
44921
47916
46252
45254
45254
44921
44921
62224
63222
45254
45254
46585
46252
46253
44921
44921
46585
46252
46253
45254
45254
94833
45586
45254
45253
45253
45254
46585
48248
45254
45254
51576
48914
52574
116129
46918
45254
46585
45254
45254
49246
45254
45254
45254
46917
45254
80525
45254
45254
45254
46585
44921
45254
47916
45254
45254
45254
45254
45254
46585
49580
46252
45254
45254
46584
46252
46585
50245
45254
45587
45254
45586
45586
76865
45587
46918
45254
45587
45254
45254
47915
46585
45587
45254
45254
46585
45253
45586
46918
45254
45254
45587
46585
45587
45254
45254
45587
45587
46585
45254
107145
45587
45587
45254
45586
45587
45586
49579
47250
46585
45254
45254
46918
79194
46918
45587
45254
45254
46918
45254
45587
45586
45586
47250
45587
45586
45586
51244
45587
46585
45587
45586
45586
46585
48248
45587
47250
45586
45587
45253
75866
45920
45920
45587
45919
45587
46918
49247
45586
45587
45586
45919
45586
45919
52242
47583
47251
46917
45919
45587
49912
46917
46918
45587
45586
45587
79527
45920
46252
45587
45587
47250
45587
70543
50245
143747
48581
49247
46252
45586
45587
46918
45919
45920
47250
54238
45919
45919
47250
45919
45919
47583
45919
45920
46917
45919
55902
45919
45919
46585
46253
45919
45920
47250
47250
48581
45919
45587
47251
46917
46917
45919
47251
45920
45919
45920
46252
45919
45586
48915
51576
61226
59229
45919
45920
47250
46252
45919
45919
46917
45919
46252
47916
45919
45919
45920
47583
45920
45920
46252
46252
45920
46918
45919
46252
45920
47250
46252
46252
46253
46252
47583
47916
48914
46252
46253
47583
46918
47250
46252
50578
46252
46252
46252
46252
46252
46252
47583
46253
46252
46252
46252
45920
47250
46252
45920
46252
47583
45919
46252
49913
46585
46252
45919
47583
46252
46252
199649
137426
62889
56235
59895
61226
57233
63222
57233
57566
57898
57899
59562
56567
55902
55569
55902
56234
56900
55237
55569
55902
55237
62890
58896
59895
61226
60893
58897
58564
58231
58896
57898
57898
58564
58564
58231
58897
57899
60560
59229
58897
58563
57898
60227
56900
57566
58564
57233
57898
58231
63223
47583
53240
62557
46917
46584
46585
46585
46917
55236
80192
48249
46918
46585
47915
47583
75867
46917
46585
46252
46585
46585
59895
46585
46585
48249
46585
46917
46585
77197
46585
47583
46585
46585
46585
78861
46585
46917
48248
46584
55569
76865
48248
46585
46585
46585
46918
60228
48581
46917
46585
46585
46585
46917
76532
46917
46917
48248
48248
47916
89842
58564
51576
47583
47915
46585
70543
46917
46918
46918
46918
46584
60560
48249
46585
46917
46917
46585
46585
79527
46917
46917
46585
48248
46917
79195
48249
46917
46918
46918
48249
46918
78862
46918
47251
46585
47916
56235
68879
46918
46918
46585
46917
46918
46918
48582
48582
48249
46918
46917
61891
76200
47916
46918
46917
46585
46918
77863
47584
46917
47251
48582
46918
61226
47251
46917
46918
47916
47251
46918
77863
48248
46918
47250
48581
47250
72872
47251
48581
47250
46917
47250
47251
47250
48249
47250
46917
46918
60227
76865
47251
47250
47250
48581
48582
81191
47250
59895
48914
50578
62224
47583
47250
47250
47251
46917
47251
76865
47250
48582
47250
46918
47583
55902
47251
48581
47250
47250
47251
48249
76199
47583
48915
46918
47250
53240
91174
56900
66217
62224
57566
47251
48248
47251
47250
47250
47251
47251
50245
47583
47583
48582
48581
48249
50245
47583
48914
47916
48249
47250
47250
48915
47584
47250
47583
47251
47250
48915
48914
47583
47250
47250
47250
48582
47250
48915
47251
48581
47250
47583
48915
47251
47250
47250
48582
47251
47583
47251
47583
47250
48249
47583
47583
47251
47250
47584
49580
60228
49247
49247
48914
48582
49246
47583
48914
48581
48249
47250
49247
47250
47583
47583
47583
47584
47251
50578
47583
47583
47583
47583
47583
48582
49247
47583
47583
48914
47583
47583
49247
49247
47583
47583
48914
47583
47584
47584
47583
47583
48914
47583
47583
47583
47583
47583
47916
47583
47916
49247
49247
68214
50911
47584
49247
48914
48914
47916
49247
47583
47584
47916
47583
47583
47916
49580
47583
47916
47583
47583
48914
48914
48581
47916
47916
48915
47584
47916
50910
47916
47916
47916
49247
47583
47916
59229
47916
49912
48914
47915
47916
49580
47916
47584
47915
47583
47916
49247
50911
48914
47916
47916
49579
48581
48914
49579
47583
47916
47916
47915
48249
47916
55569
49580
50911
50911
50245
47916
49579
48914
48249
47916
47916
48914
47916
49580
49579
48248
47916
47916
49247
47916
50911
48249
47916
48248
49247
47916
49580
48249
47916
48249
48249
48248
48249
55236
49912
48914
47916
47916
49912
49247
49580
48249
47916
47916
47916
48248
49579
47916
48248
49912
48249
62224
72539
48249
48249
49247
47916
47915
78861
49579
47916
47916
49912
48581
79527
48249
49579
48248
47916
47916
47916
48249
49247
48248
48248
47916
61558
80525
48581
48249
48581
50245
50577
49579
48582
48248
49579
49247
63555
71541
58231
48582
51244
48582
50245
48249
48249
49912
48249
48248
47916
50245
48248
49580
48581
48249
48249
49247
48249
48582
50245
48249
48248
48581
51576
48581
48249
48249
48249
48248
49580
49913
48249
48249
48248
48248
48249
48248
49913
49913
49913
49580
48249
48581
49912
49579
49580
48249
48249
48249
48581
48581
50245
48582
48248
49913
48249
48581
50245
48581
48248
49580
48582
48249
48582
51243
48581
48582
50245
48249
48249
48582
51576
48249
48581
48581
48249
48582
49580
60894
48581
48581
48581
48581
48582
50245
48915
50246
50246
50245
48581
48582
56234
53240
49912
48582
48914
48249
50245
48914
48914
48582
48581
50245
48582
50245
48582
48581
48914
49912
48914
48581
50578
50245
48581
48581
50578
48914
48914
48914
50246
48915
48582
48914
48914
50245
49579
48582
48582
48582
48581
48914
55237
48581
48914
50245
50245
50245
48914
48914
50578
49912
50245
48914
48582
49912
48914
48914
48914
48914
48581
50245
50578
48914
48914
48914
48914
50245
49247
48914
48914
50245
48582
48914
50577
50245
49247
48914
50578
48914
49247
49247
50910
48914
50245
48914
48914
48581
48581
48914
48914
48914
49246
50245
50910
51909
48914
48914
50577
50245
50245
48914
50578
48914
48914
48914
49247
48914
48914
50578
48914
48914
48914
49247
48914
50245
49247
48914
49247
50578
48914
49247
52242
48914
48914
49246
50578
48915
49247
50578
48914
49247
50245
48914
49247
48914
49247
49247
49246
49246
49579
50911
52241
56900
53573
71209
81191
53906
50578
49247
49247
142749
63222
49247
49246
49246
49247
83520
74536
49580
49247
49579
49247
50578
49580
49247
49247
50578
49247
93835
90175
49579
49246
49247
50910
49247
49247
49247
49247
49247
50577
49247
49247
53905
49580
49580
49913
49580
49579
50910
50911
50578
49246
49247
51243
52242
50910
49246
49246
49247
49247
49247
49580
49247
49580
50910
49579
49580
51576
56900
49580
50577
49579
49580
49580
52241
49247
49912
51243
49579
49580
49580
50910
49580
49580
49246
49580
49247
52241
49580
49580
49247
49247
49580
49579
51243
49579
51244
51243
50911
49580
51243
51243
50910
50911
49580
49580
49579
51244
49580
49580
49580
49579
51244
49580
49579
49580
49580
49579
50910
49913
51243
49579
50910
49580
49912
51576
49580
51243
49579
51244
49912
49913
49580
49580
49912
51243
49580
49580
49579
49580
51244
49912
49580
49912
51576
51576
50578
51243
49580
51576
50911
51243
49579
49580
49912
49912
49913
49912
49580
49912
57566
49912
49579
49912
50245
49579
51244
49913
49913
49912
50910
49580
49912
53239
49913
49913
49912
51577
49579
49913
51243
50245
49912
51577
49912
50246
49579
49580
49912
49912
49912
50245
51576
52907
51244
49912
49912
51576
50910
51576
51576
49912
49913
49912
50245
50245
51909
50245
51576
50245
49912
49913
49912
51243
51243
50245
49912
49912
50910
51244
50246
51577
49913
50245
50245
51576
50245
50245
49912
50245
49913
51243
49913
60560
54904
50245
50245
50245
50245
52242
51576
52242
51244
50245
49912
60228
51576
51576
50245
50246
50245
51908
50245
50578
50245
50245
51909
50246
50578
50245
50577
49913
51576
50578
51576
50245
51243
49912
50245
51908
50245
51909
50245
51908
50245
50245
50245
50245
50245
51244
50245
50578
50245
50245
52242
50578
50245
50577
51909
51909
60893
50577
50578
52242
51576
51576
50245
52242
50245
50578
50578
50578
50245
50245
130771
86515
66549
76532
65219
63222
52242
124115
52574
51908
59895
51576
52242
92504
62557
60227
60227
52574
60893
64886
61559
69877
61558
58896
52907
50577
56234
55902
58897
50911
59895
91839
69211
65884
64886
64886
66549
72872
58564
64554
65552
71541
63222
67216
62224
70875
67881
65885
65219
77198
83852
66550
65552
65552
65885
65552
71208
72539
66883
74535
79194
62557
65552
63887
63555
76532
63555
67548
65552
57566
50911
51909
50578
50910
64553
74536
51243
55902
51243
51243
52574
88179
52575
50911
50910
52575
70210
52241
62889
51244
57233
71208
76532
51244
50910
50910
52575
53905
83520
50911
50911
50910
51909
51243
73871
73537
61891
51576
56235
55902
107810
53573
53905
52574
54571
50910
50911
50910
51244
70542
50910
54903
52241
66882
66883
51576
54238
51243
52574
52907
52242
84185
92171
58231
52242
54239
54904
64886
56567
53573
51576
69877
54904
60893
53240
55902
51576
51243
57233
74868
61559
78196
51576
65884
67548
65551
51576
53240
51244
92837
68214
64886
51576
51576
51576
60560
186007
66550
67881
65219
67880
69544
67216
66882
67880
69545
66882
69544
68213
69877
69212
68214
71208
67880
375008
72872
132101
65552
69545
105482
95499
69544
68547
68546
67881
61892
59562
51909
52575
51576
51576
51243
52241
58896
82522
67881
65219
53906
51243
53239
51577
51244
51576
53240
51576
52242
51576
51576
51243
51243
55236
51576
51576
51576
53240
53240
54238
51576
51243
53240
52574
52574
51576
54571
51577
51577
51576
51577
51576
53572
53240
51243
51909
51576
51243
53240
52241
51576
51243
51244
52574
51243
51908
53240
51576
51576
51576
53240
60228
51909
51576
51576
51576
52241
51576
62890
62557
65884
60560
51909
57566
63888
62224
60893
52907
52242
51576
81191
78528
74204
74869
77863
69878
74536
74536
75201
75201
73871
74536
74868
66550
87846
84519
73871
90175
74868
74869
75201
73205
76200
75201
74868
72872
76533
75201
75201
68213
70876
63556
52242
62890
63223
65884
67880
68214
62556
65551
52241
51908
51909
53572
53573
53239
52242
55569
53573
52907
56900
55569
52241
64886
75534
66883
57565
52242
55569
53906
51908
55237
55236
55236
55236
53239
52241
51576
51908
52907
51576
51909
53906
51909
51908
57233
53573
54571
52241
53240
53572
51909
52907
55237
51909
51576
51909
52241
56567
55236
52574
53572
53573
53239
51576
51909
53906
52907
52907
52242
57233
52242
55902
52242
52242
52241
51909
53573
70210
51909
51909
52242
51909
55237
56235
52241
51909
53240
51576
51909
54238
51909
52242
51909
53905
57233
52907
82522
52241
52242
53240
52241
51909
53905
51909
52241
52242
51909
52575
55570
53906
52907
51909
51909
53906
53240
53240
52242
51909
52241
52242
52242
57898
52242
52242
54238
52241
52574
54238
52242
51909
53240
52242
52242
53572
53905
52242
52574
54238
51908
53906
52242
53905
52241
52242
52241
52242
53906
53240
52242
52241
52242
52241
54238
56568
56235
74203
55569
54238
210630
65552
65219
64553
54238
64553
52575
58564
52574
52574
52907
52907
52574
52575
54238
52574
57565
58564
52574
57898
54238
55902
52241
52241
53572
52242
52574
54571
52574
52241
52575
58564
52907
55570
52575
52574
52574
53573
52574
56568
52574
52574
52574
52574
55902
53239
54238
54571
53905
52242
52574
54238
53906
54238
52907
52574
59895
53240
61558
53240
52574
52574
54571
52907
55901
52574
52907
52575
57233
52907
62557
52574
53573
52242
52574
54571
55901
52907
52575
54571
52574
54904
55569
53239
52907
53905
52574
52575
52575
52907
52575
52574
52574
58563
54570
57898
54238
52574
52574
54571
53905
57233
52574
52574
52907
52574
52908
56235
52908
52575
54571
52907
52574
52574
52907
52575
54238
53240
58231
52907
61892
52907
52907
54571
52907
52908
56568
54571
52907
52907
55236
52907
101488
54571
52907
52907
52907
52907
54571
52907
52907
53240
54571
54571
55902
52907
52907
54904
54238
53905
56567
53240
53240
53240
53240
52907
52907
52574
54571
53240
52574
52907
53240
54571
54238
53240
52575
52907
54904
54570
53240
54903
58897
52907
52907
56234
52907
53240
52907
53240
53240
62557
53240
53240
52907
52907
53240
53239
52907
53240
54903
54904
54570
52907
54570
54903
54571
54571
53240
52907
55236
53240
81524
75201
64886
68214
66550
53240
53240
53239
55236
53239
54571
53572
53240
53240
54904
52908
53573
55237
53240
53240
53240
56234
53240
53240
53240
53240
53240
56235
53240
53240
52908
53240
53240
53240
53239
53573
55236
55236
54570
53240
54904
54904
54571
54904
53240
53240
54904
53572
53573
53572
53573
53572
56567
53240
53239
53573
53239
53573
54903
53573
53240
53573
54571
53240
53573
56900
53239
53573
53573
55236
53239
55236
53240
53240
53573
54904
53240
53573
53573
53572
53572
53572
53573
53572
70875
55569
54903
53572
53573
55236
58563
55236
53573
53240
53573
53573
55237
53573
53573
53572
55569
53905
64220
59562
54239
53905
55237
53905
55236
53906
55236
53239
53905
55569
55236
53905
53905
55569
53572
53906
53240
53573
53905
55236
53573
53905
53572
59895
53905
53905
53572
54238
55569
60561
54904
53906
53905
55569
55236
56900
53905
53572
53573
53905
53905
55569
53905
53572
55569
53905
53573
53573
53905
53573
55237
53906
53573
53572
56567
53572
54238
55569
53906
53905
55569
55902
53906
53906
53573
53905
55569
55569
53905
53905
53905
53905
54238
53906
53905
54238
55902
55902
55569
55236
53905
55902
55569
55236
53905
55236
53906
54238
54238
54238
53906
55236
55902
53906
53906
53906
54238
53906
114799
163380
63555
54238
55236
53905
54238
56234
53905
54238
53906
55569
53905
54238
53905
53905
54238
55569
53906
57898
81856
54238
54238
54238
54238
54238
58564
56235
55236
53905
85849
55902
57899
55569
54238
53905
53905
54571
56900
54238
54238
53905
88511
54571
53906
54238
54571
54238
55569
54571
56567
53905
54904
53905
54571
83520
54239
54571
54238
55902
54239
57233
54238
54571
54238
88844
54239
54571
54238
54238
54238
54239
54239
54571
56235
56235
55237
54238
54570
56234
57566
55902
57566
54571
54904
150402
57565
54571
54571
54238
56235
54238
89510
54571
54571
54238
55901
110806
54571
54571
55902
54238
91839
56234
54238
87846
54571
58564
54571
54571
54238
54238
54570
89177
54238
54571
54238
88178
54571
54904
54571
54571
55902
56234
55902
54904
54238
56235
103818
66550
67215
54904
58564
54571
54571
55236
54904
54570
90175
54571
54904
124448
54903
54238
56235
57898
54571
54571
55901
86515
54904
56567
54238
54571
54571
56567
54238
89177
54571
54903
54904
55902
58231
54570
54571
54238
54571
54571
54571
54903
56234
56567
56235
54904
57233
56567
55902
55569
54571
54571
88178
54904
54904
54570
187338
54904
56900
54904
54904
54571
54904
54904
55902
54904
87513
54903
59229
54904
54904
56567
54903
54571
88511
56567
54904
54904
54903
89510
54903
56235
54571
54571
54571
57566
54571
54904
54903
88844
56567
59229
56901
54904
54903
56900
56568
95166
54904
54571
83853
54903
88844
55237
54904
54903
56900
54904
58231
55237
54904
54903
106813
93170
55236
55236
56567
54903
55236
92171
54904
54904
55237
56567
58231
55236
54903
54903
55237
56568
54903
54904
54904
55237
87181
55236
58231
55569
56900
56900
56567
54904
87181
57232
56567
56567
87513
54903
55236
54903
55236
55236
54904
54904
59562
55236
54903
55236
55236
55237
56567
55569
54904
55236
56900
54904
55569
57233
55236
87180
55236
59562
55236
55236
54903
55236
55236
58896
55236
55236
55236
86182
55237
58231
55236
55569
56900
57232
60893
76865
59230
64221
91506
86182
78529
82854
81856
81857
82522
80858
114133
303467
83187
81856
82854
82189
88844
55569
88511
55569
55236
55236
57233
55236
58564
57233
55237
55236
59562
78861
62224
75534
80858
55569
55569
56567
55569
55237
55237
87513
67881
57233
55902
55902
57232
67548
81523
55569
55569
57233
56900
56568
55569
55237
55569
86182
55569
55901
55569
68879
57565
85849
55569
55902
55902
55237
56900
55902
55570
55569
70876
55569
85184
57565
55569
55569
55569
57233
78861
55569
55569
66217
55569
86848
55569
55569
55236
55569
55902
85850
55902
55902
57566
57899
57233
55902
55901
57565
56567
56900
85849
55569
55569
55569
58231
56235
56234
55570
57898
55569
55569
86182
55902
55569
57233
64221
55902
87180
57232
55569
55901
57898
55569
63222
57898
57898
61226
55902
59895
69212
55902
57233
55902
55902
88511
55902
76865
67548
92837
126777
57899
111471
57566
55902
55902
58231
88511
57233
56235
55902
55902
55902
55902
55902
58896
55902
57898
55902
56234
55901
56235
55901
57566
56234
55902
58563
57233
55901
56235
90840
56235
58897
55902
57898
59562
56234
55902
58564
56235
57233
87513
56235
58232
56234
56235
56235
55902
56234
57898
57898
57233
55902
89510
57899
88844
57565
55901
55902
55902
56234
55901
56234
56235
85517
57898
59895
55902
56234
56235
55901
57233
56567
56234
56235
57233
88511
56568
94501
55902
57232
87513
57899
99159
63222
56234
67548
102487
58231
135429
56234
119124
56567
58896
56235
133766
56567
148074
58231
57566
106480
67548
65552
66883
87513
59229
145744
56235
56567
88178
56568
59230
56235
58232
56235
56568
56567
59229
56235
57899
56568
87181
56235
60228
56234
56567
58231
56235
56235
91506
58231
56567
90508
56567
59229
56235
57898
56234
56234
56234
59230
56900
56568
56234
89842
58231
60893
57565
56567
56567
58231
57565
60560
56568
56235
88179
56567
63222
56900
56567
56234
58564
56567
59229
56235
56900
56235
89510
56901
59229
56567
57898
56235
56900
58564
59895
56568
56568
90175
56568
56567
56568
56568
56901
57899
56568
56900
56567
56567
57233
56900
56900
59895
58231
58897
58231
56900
56568
62224
57898
58231
88511
56568
90175
56900
56900
56900
56900
56568
61226
56568
56900
56900
56900
63555
58231
56900
56567
56900
58564
64886
63555
58897
56567
56567
56901
58564
56567
56567
56567
56900
56900
58231
56900
56900
90175
56900
60228
56900
56900
57233
58897
58897
60561
56901
56901
58896
57899
58564
59562
56567
56567
56900
57233
56900
59895
56900
58897
89509
56900
84518
61559
59562
69212
61558
58896
57233
58563
56900
75867
79194
58896
57565
58897
59229
57233
57232
56900
57232
56900
58896
57233
57233
57232
56900
57232
57565
58564
57233
58896
59229
57233
57232
57233
57232
57233
58564
56900
57233
57233
57233
71541
57899
58564
57233
59562
61226
57233
57566
57565
57566
57566
64886
57233
57566
57233
57233
57566
61891
58564
57233
59562
59229
57566
59229
57233
57233
57233
58564
76199
57565
57565
57565
57565
57566
58896
57233
59229
59562
57566
57565
57566
57565
57565
58896
57233
57566
59562
57232
57566
57899
58897
57565
61226
59562
57566
57565
57233
57566
59230
58897
57566
57566
57566
57233
59229
57566
58564
57899
59563
59562
58896
57898
57566
57566
57899
59230
65884
57566
61559
57566
57566
57898
60560
57233
59562
59562
57565
57566
59229
57565
57565
58897
57566
57566
57899
57565
57899
57899
59230
57566
101489
59894
57898
57565
57898
124448
57899
59562
57899
57898
89177
57565
58231
58231
58897
58231
59894
59895
71541
57566
57899
69878
69878
99492
57566
74203
57898
57566
87181
57899
93502
57899
59895
59562
57565
57898
57898
57565
102154
65219
92171
57898
58231
57566
57899
86848
59895
57899
59895
92837
57899
60560
93502
57898
57898
59562
60561
57899
119457
57899
93170
58231
59563
57898
59895
103818
57898
57899
91839
59895
62224
59229
57898
57565
57566
57566
60561
57899
57566
90508
59895
57566
57565
57566
57899
57899
59562
61226
57898
57565
59562
57899
57899
59895
57898
57898
57898
59895
57898
57898
57898
57898
90175
59562
60893
57898
57566
57898
57899
58231
60560
57898
59894
92171
59562
57898
58231
60228
59562
59562
57898
89509
57898
57898
90840
58231
57898
57898
59894
58231
58231
57898
58231
57898
59562
91174
58232
57898
59562
58231
58563
60228
57898
61226
58231
59894
103818
64554
61226
58231
58232
59895
58231
58231
60561
58231
58231
87513
58231
58563
60227
60227
59562
58231
57898
59895
59562
59895
90508
58231
58232
58231
58564
58564
58564
58231
95499
58232
58231
58231
58231
60893
59894
58564
57898
58231
59562
60560
58564
60228
90508
58231
89842
60560
58231
58563
58231
58564
61225
59895
58231
91839
58231
61226
58231
58564
58563
58897
60227
87513
59895
58564
88512
60560
62557
59895
58231
58231
58231
58564
89843
58896
58564
91839
60228
94168
58564
58897
58564
58231
96830
58564
58231
58564
59229
61225
58564
60893
58563
93502
63555
86515
63887
67881
77530
64553
58564
59562
58564
94501
58564
58563
69544
77531
58896
58896
60561
60893
59895
60893
58897
60893
59895
59895
58564
60228
58564
58897
58897
58897
58896
60227
60561
58564
58564
58564
58896
60228
60228
58897
58564
58564
60228
58896
58897
60561
58897
58564
58897
60561
58897
58564
58564
58564
58564
60227
58897
58564
58897
58896
60560
58897
58897
58897
60893
60893
61559
59230
58897
60893
59895
60228
60561
58896
58564
58897
59229
58897
60560
58897
60894
58897
58897
58897
59230
58564
60228
59230
58897
58897
60228
58897
59229
60893
58897
60561
58564
60893
58897
58897
58897
60560
58897
60228
58897
58897
58897
60561
58896
59230
59230
59229
60893
72872
60893
58897
58897
61225
60560
60228
59230
58896
58897
58897
60893
59230
59229
59229
66882
59229
60893
59230
59229
59229
60893
59229
60893
58896
60560
58897
59230
61226
58897
59230
59229
61226
59229
59229
59229
59230
59229
60560
59229
60893
58896
59229
59229
59229
58896
64220
61226
61226
60893
59229
59229
62557
60893
60560
59230
59229
59229
60893
59230
59229
59562
59229
61226
76865
78528
78196
76200
61226
60893
59562
59230
59229
61225
67215
59562
61558
59229
59229
59229
61226
59230
59230
59229
59562
61226
60893
59229
59562
59230
59562
60893
59562
59562
59562
61225
61226
62889
59562
59562
61559
60893
60893
65884
59562
59562
59562
59563
61559
59562
59562
61559
59562
59562
66883
59562
59563
60560
59895
59562
61225
60893
59562
59895
61559
59229
59562
59562
61558
60893
86182
81524
59895
59562
60228
59562
66217
63223
60227
64886
59895
59563
59895
61891
61891
61226
59562
88844
61559
67881
60893
59895
91174
59562
59562
59895
59894
60227
59895
61892
64886
76199
91506
59562
59562
61226
60227
59562
82854
61226
66217
59894
61891
88511
59895
59895
61892
59895
59562
59562
59895
72872
61225
59895
60228
59562
59895
59895
59895
88844
60560
61891
66550
61559
82522
59895
61892
60893
60894
59895
95167
59895
69877
60227
60227
89842
59895
62224
59894
59895
59895
60228
59895
75534
60228
59895
59895
61559
59562
60228
62224
89842
60227
59895
62224
59895
83853
59895
60228
59895
60893
59895
60560
59895
72872
66217
60228
91173
60228
62224
62224
61892
92505
60228
62225
62556
61226
82855
60228
60227
61891
60560
65884
68546
60227
73870
60227
60227
89177
60227
59895
61558
60228
92504
64221
61558
63222
60560
91506
60227
60227
59895
62224
60228
84185
60228
72539
60227
61559
91506
60227
59895
59894
60227
91173
60227
60561
74868
62557
61892
60228
60560
62224
61226
61891
82854
69877
86182
64886
64553
60560
60227
60227
62224
60228
65885
64220
64221
60228
61559
60561
61891
60893
61558
60228
60560
66883
60227
60560
60560
62224
63555
77198
67215
62557
68546
63555
98494
200315
84519
77530
72206
74869
75867
78196
75867
71208
75201
97163
79860
78529
70543
68879
89509
86182
84185
80193
77198
77863
77530
68214
77530
77863
76865
77531
79194
78529
79860
78529
95832
79527
78861
77197
84851
81523
84186
85516
76865
77197
66549
60893
68879
79194
84851
77863
77198
68879
60893
60560
60560
60893
63555
60893
62556
62890
61559
60560
63222
62890
61558
61891
60560
63222
60560
60561
60893
60893
60560
63555
62889
60560
60560
60893
63555
60561
62224
60894
60560
60560
96830
60560
92837
62889
60561
63555
206970
62556
60893
71208
60893
81524
60893
62224
64221
60893
60893
60893
61225
60893
82855
80192
69544
73870
62557
60894
60560
62889
62224
66217
60894
60893
60560
60893
63888
61226
60893
60560
62890
60893
63888
60893
60893
60893
62557
63888
60893
60893
62557
60561
60893
65551
60893
61225
60893
63223
94168
60893
60560
60893
60893
62224
61226
60893
96497
61226
61226
63888
60893
61226
62889
62889
62224
60893
60893
95166
62557
62557
63888
60893
60893
61226
61226
61226
61226
61226
95167
60893
61225
63888
61225
60893
62224
61558
60893
60893
62557
90175
61559
63223
63888
60893
61226
63222
61226
61226
68214
61226
61226
62889
64220
61226
60893
60893
60893
61226
141751
77531
75534
79527
78196
76532
79194
104150
81524
112802
95831
67881
61558
61559
64553
66882
73205
76199
79194
74868
61891
61558
71874
83853
80525
83852
78862
82189
184011
81523
77531
79527
83520
80525
78529
82854
79860
1144656
264868
180683
82521
103818
78196
81191
83187
61891
61891
61559
61558
61892
112802
76865
108143
83187
70876
63555
62889
62890
63223
80525
84851
90840
93170
90507
90840
90507
86848
88178
90841
90508
83853
90508
90841
90175
98826
132434
117793
89510
90840
88511
111471
90508
90840
80525
76865
88844
75534
79527
77531
72872
78861
81524
75534
75534
77863
82854
78196
78529
80193
81856
106812
115464
81190
82522
78862
88511
81191
82855
83187
112802
81524
110472
80526
85517
139422
74536
74203
66883
64886
61891
76533
61892
61559
61891
86847
82855
94500
97829
89176
93169
89843
116462
90175
87513
89842
90175
93835
89843
89509
89509
90507
91173
118459
91174
90507
91173
86848
90175
89509
91173
88179
102487
91173
91506
82855
82522
77530
104150
225937
94501
89510
89842
89509
92504
62889
81857
62224
62224
67548
62224
61891
61891
70876
67881
62224
64220
62224
138424
61891
64220
62224
61891
61892
65552
62224
63555
73205
73870
82855
78196
79194
74535
65885
66217
63888
64221
63887
62224
61891
64221
63555
63556
61891
64886
62224
62890
62224
62224
62556
61892
64220
62224
62224
66217
66217
62224
81856
63222
85517
114466
69212
61892
62557
64221
66550
62224
62224
64554
66218
61892
62224
61891
61891
63888
64886
62224
94168
62224
62224
95499
62224
62557
64220
64220
95832
62224
156060
64553
71541
64221
61891
62224
62224
62224
65219
62557
94500
62224
64553
64886
61891
62224
62224
62224
64221
65218
62224
94168
63555
62224
96498
64553
61892
62224
62224
66883
62557
62224
62557
62557
65219
63888
62224
62224
62224
62224
62890
80193
62557
62889
64220
64886
63888
62224
62224
64553
64220
64221
62224
62224
62556
62224
62557
62557
62224
62224
67548
62224
62224
62557
62556
62557
64220
62557
62224
62557
63888
64886
62557
96830
62224
62557
97163
64554
62224
62557
62225
62557
62224
64221
92172
62557
62224
83520
114466
62889
77198
66550
64886
64553
63555
62557
62557
65219
64553
64554
69545
62557
62557
67548
114133
63222
89177
62557
64886
62556
62557
62557
62557
62889
64220
64553
62224
62557
63888
62557
62889
64887
62225
62557
62557
64886
64221
62556
62556
62556
62889
64220
77863
74203
62557
62557
62889
64553
62557
63222
64886
64886
63887
65884
63222
64886
64221
64554
64553
62890
62890
62890
62889
63222
62890
62556
65219
62890
62889
64553
62890
62557
64221
62890
62889
64553
64553
62890
63223
65219
64554
62889
62557
64886
62889
62889
64553
62890
62889
64553
63222
62890
62889
62890
62890
63223
63222
64886
65219
65219
64554
62889
62889
64886
64221
64553
62889
62889
64553
62890
63222
63223
62889
62889
66550
62890
62889
63223
63222
64554
64221
63222
65551
67215
64554
63222
63222
65552
62889
63222
64886
65552
62890
62890
62890
63222
63222
64553
63222
62890
62890
64553
63555
63222
63223
63222
65219
66882
64221
63222
63222
65219
66218
64553
62889
62889
62889
63223
64886
63555
63222
62889
65551
63222
63222
63222
63223
62889
64553
65219
63223
63222
64553
63222
63223
65551
63222
63223
69877
88512
84185
85516
85517
86182
82854
81190
70543
65552
63223
63222
63555
63555
63223
70543
65552
66217
65552
63222
65219
65552
64553
64886
63222
63222
69877
63555
63888
63555
63222
65551
65552
63555
63555
63555
63555
63555
64886
63888
63223
63555
66882
63222
63555
65884
63555
63222
63223
65552
63556
74536
68879
67548
63555
65551
63555
63222
65219
63555
63222
63555
63555
63555
67215
65884
65219
63555
63555
67215
65218
65218
63555
63555
63555
65552
63888
63888
63555
63555
67548
63222
63555
63555
63555
63555
66550
63888
63555
63555
65552
65219
63888
65884
63555
63555
63555
67548
63888
63555
63555
63555
65551
64553
63887
63887
63888
63888
65551
63888
63888
64221
66217
67548
65552
63888
63555
66217
64886
73205
75201
63888
63888
63555
65885
64220
63888
63888
66217
63555
63888
63888
63888
63888
64886
65552
63887
63555
65551
63555
64220
66217
63888
63888
63888
66217
63888
63888
63888
63888
63888
66550
63888
63888
63888
63888
63887
69212
64221
68546
77863
66550
65885
63887
63887
66217
64886
64886
64221
63888
64221
63888
98161
63888
63888
63888
230262
105149
64220
64221
99159
63888
65219
64221
63555
99825
65551
63888
64220
234588
64221
64220
64220
71208
64220
82189
64220
64220
63887
65218
63887
64221
63888
64220
68546
64221
82189
64553
66217
71208
65551
63888
64221
66550
64886
71208
76532
88844
86182
67548
64553
133100
64553
64221
66550
82189
64220
64221
64221
68546
65551
64554
64221
64221
70210
64221
82522
66217
64220
67215
64220
66550
64221
64221
64220
69212
64221
83188
64554
63888
69212
64553
64221
64553
64554
80525
66550
104483
65884
64554
71541
66550
65551
65884
64220
86848
81190
83853
72539
68547
64553
64220
66882
64553
64220
69544
64554
65552
65884
64554
67548
64554
65552
64221
64886
66550
64554
66217
64553
66883
68879
67881
64553
64554
64553
65552
68546
64553
69545
64886
64553
64886
64886
64886
66882
66882
65884
67881
66882
71541
65885
65884
67548
64220
64554
64553
64886
64886
64886
64886
67215
64553
64221
68214
64553
64554
65884
64553
64221
64554
70875
64553
65219
66882
67881
64886
64554
66550
64886
101156
67216
68546
65219
66217
69212
77863
64554
64887
64553
68879
64886
70210
67215
67216
68879
64886
65219
66882
66218
66217
68213
64886
70875
70210
65552
65219
64886
64886
67215
64886
66883
64886
64886
64886
66217
65219
64554
64886
65884
64554
64886
68547
64886
64886
64886
67215
64886
64886
64554
64886
64887
66550
67215
64886
64886
64886
64886
66882
64886
65218
67215
67216
66883
66550
65219
67215
66217
66217
66550
64886
64886
64886
65219
65219
64886
64886
67549
64886
64886
66883
64886
64886
66549
65219
64886
64886
66882
64886
65552
67548
66883
64886
64886
67216
64886
66883
64886
65219
64886
66550
64886
66550
64886
65219
64886
65218
66882
65219
67216
67548
66217
65219
65219
67215
66550
66549
64886
66550
65218
65219
65219
65219
66882
64886
67549
65219
65219
65219
67215
64886
68546
65551
65219
72207
66550
65219
65552
67548
65219
65552
65218
67548
65219
65219
66883
65219
65552
66883
65219
65219
65219
65219
65219
65552
65552
67215
67548
67548
66883
65219
65219
67881
67216
66882
65218
65219
65218
65219
65219
65552
65552
66883
67880
65218
65551
65552
65219
65219
67215
65552
65219
65552
68547
65552
65884
67881
65219
67215
65552
67881
65551
65218
65219
67216
65219
67215
65552
65552
67215
65219
65884
65551
65551
65551
67881
67881
67549
65551
65551
69545
66882
67548
65551
65219
67548
65552
65884
65884
65552
65552
69545
65552
65552
65551
65551
72206
66550
65884
65552
65885
67548
65552
65884
67881
65552
65552
67215
67548
67548
74869
65884
90841
72872
67881
65885
65551
65551
65552
65552
65551
65885
67215
67881
68213
67548
65551
67548
68214
67215
66883
65551
65552
67215
65884
65551
65885
65551
67548
67880
65552
65884
65884
65885
65552
67548
65885
65551
65885
69212
65551
65885
68213
65551
67548
65552
68213
65884
65885
65551
67548
65552
67548
65552
65884
67548
65884
65552
66217
65884
66217
68214
68546
67548
65551
65885
69545
67549
67548
65551
65551
112470
109475
87180
91173
74203
65884
68546
65884
68879
66217
83852
65884
67880
66217
65884
65884
67215
65884
66217
70876
83520
66217
65885
68214
72207
66217
65884
65885
65884
70875
65884
103818
66217
66217
69212
66217
66217
66217
68213
68546
67548
84518
65885
68546
67881
68214
66217
65885
65884
70875
66217
66217
65884
65884
74535
66217
66217
66217
66217
68879
68214
84185
66217
66217
67881
66218
66550
68546
65885
66217
68879
86182
66549
66217
66218
69212
66217
68214
66217
66217
69544
66217
84186
66550
66217
66550
68546
68879
67548
66217
66217
71208
85183
68547
66217
79194
66549
66217
66217
66550
105481
65884
68879
92172
66217
101156
97163
66882
115797
66549
68214
66217
67881
66217
66882
68547
66217
66550
76532
78861
90841
66217
66550
66550
66550
70543
66549
66217
66217
66550
66550
68213
66550
66550
68880
68879
69544
66550
66550
68879
67880
70210
66217
66217
66550
68546
66550
66883
66549
66217
69211
66217
79527
67215
70875
66550
68546
68547
66217
66550
67881
66550
68546
69212
66550
66550
66550
68879
66549
66550
66550
66882
66550
70210
66550
66550
66550
66550
68214
66883
66883
66883
69211
69212
77197
66550
66549
68879
68547
69878
66550
66550
66883
66549
68547
133100
104483
107811
81523
73537
97828
67548
67215
80859
69212
67215
66550
68879
67548
66550
66883
69212
72872
66882
66883
68879
66882
68546
66883
67216
66883
68214
68213
66883
66882
66883
66882
75866
67215
66883
69212
69545
68214
68546
66883
69212
68546
68547
66883
66882
66882
66883
67215
67216
75534
73870
87181
76533
70543
67548
66883
66883
68546
68879
67215
66883
68879
66882
67215
69545
66882
66882
66883
69544
69212
67215
66883
66882
67216
69877
66882
67215
66883
66882
67216
67216
66882
67215
69545
69544
69877
67215
67215
69212
68547
70542
67215
67215
66883
67215
68879
67548
67215
66883
69544
67215
67216
67548
67215
66883
68546
68879
66883
67216
68879
67215
71541
69545
67216
67216
67216
71208
67548
66882
67215
67215
66883
68879
66883
67216
67215
67215
75201
73537
79527
67881
71874
69877
68879
67216
67216
69878
69877
68546
67215
67216
67215
69212
67548
67548
67548
67548
69544
67215
67548
67548
67548
67216
70543
67549
67216
67215
69212
68879
67548
69544
67216
67215
69212
69878
67215
67548
67548
67548
67548
68879
67548
67216
67216
68879
67548
67548
67548
67548
71208
69877
68546
67548
67548
71208
68879
69212
67548
67215
74536
78861
71541
68214
67548
69212
69878
67216
67548
67548
67215
69212
69544
67548
67216
67549
70876
67215
67880
69878
67215
70543
67548
69877
67881
67548
67215
67548
67548
68879
67548
67881
69212
67548
67548
67880
67880
69544
69544
70210
69878
67549
75534
88511
89842
69544
69877
67549
67881
67881
67880
69545
67548
67548
70210
67548
67881
69545
67881
67881
69544
68213
69212
67880
69878
67881
67881
70210
67548
67881
67881
70210
67881
69545
67881
67881
67881
69545
73205
67880
67881
67881
67881
69878
67881
68213
70210
75201
71541
68214
68214
74536
69212
74868
71874
68214
68214
67881
70210
68214
67881
72539
70542
69877
68214
67880
67881
67881
73870
68546
67881
67881
69877
67881
69877
70210
67880
68213
67881
71874
68547
67881
68214
72539
70210
69211
74869
68547
67881
76199
68214
70875
68214
69878
72207
70876
70210
67881
68214
70543
69545
69211
67881
68214
68214
73204
73538
98494
112136
90841
74204
68213
68214
70210
68213
68214
69212
68546
69545
68214
70543
73870
170034
72872
68214
68546
71541
70543
140753
69545
355376
81856
89177
84851
85184
87513
89176
83853
85184
86847
91173
89176
96164
95831
112136
90841
85849
109807
89842
90841
227933
91506
94834
96498
206637
124115
142417
115796
86182
89842
86182
73205
68879
68546
69877
68879
69877
68213
70210
68213
68879
70876
82189
68879
68546
70875
68546
68546
68213
68546
68214
69877
70543
69877
116130
85517
110472
92837
637880
88178
87846
297478
93503
85849
124448
86515
87180
105814
162714
121786
88178
76532
68879
76200
81523
88844
71541
71541
112802
88179
99825
105149
71541
83852
85184
82189
85184
85850
86847
86847
85849
84851
83187
84518
84185
673484
1428824
108809
95499
89510
84851
92837
89177
165044
126445
92837
87513
87846
89843
94834
89510
92837
91173
86847
87180
122119
86848
89510
88844
90840
88179
88844
83520
68879
71209
68546
68879
69212
68879
72207
69878
68879
68546
68546
82521
68879
69211
90841
92171
86847
68879
71541
77863
68879
69212
68879
83853
70876
118458
88179
119457
73205
90840
68879
68879
69545
75201
71209
70543
68547
68879
73870
88179
70543
68879
68879
71874
68879
69212
69212
69211
74203
88512
68879
68879
68879
71874
68879
70542
69212
68546
75201
87846
68879
69211
71209
75866
68879
68879
71209
69212
74203
132101
91506
69212
74869
71541
69212
68879
69212
105814
74868
69212
69544
71541
75534
70210
69212
69212
71541
73871
75534
68879
68879
68879
72872
69212
69212
69211
68879
75534
73537
69211
69212
69212
69212
70876
69544
68879
69212
71541
69212
69545
71874
68879
69212
69211
71541
69545
69212
69211
73205
75201
81524
69545
69544
69544
69877
69877
69545
69211
69545
71873
71874
71208
69544
70543
91506
89842
71208
72872
74869
69545
69544
69212
73537
69212
69212
71874
69212
72872
74869
69211
69212
70875
73538
69212
69545
70875
69212
73870
79527
69212
69544
69212
74869
69545
69545
69211
69212
73538
77198
123783
93835
69544
69211
69545
69878
69212
69544
71541
72206
71209
69544
69544
71874
71208
71209
71209
69545
69544
69545
69545
71541
69877
69212
72206
69544
71208
69545
69544
69545
71208
71541
69211
69545
70875
69545
69878
72207
69877
69878
69544
72207
69545
69877
69544
69545
69878
72872
69545
69545
69545
69544
76865
70210
69877
75535
72207
73871
71208
69877
69877
72207
80858
77863
70210
69877
119457
88511
86182
80525
110140
92171
86514
92172
87180
92504
86515
69877
82522
82854
497793
100823
102486
99825
100490
100157
100158
95166
98827
97496
103818
104151
441890
94168
93503
93170
103817
87180
87180
94168
94833
98161
99492
98161
93835
106147
86182
94833
101821
102154
106813
102154
102486
104483
102487
102154
101821
102487
103152
102820
103152
103485
101821
103485
102154
102154
102154
103818
101489
91839
88844
88512
120788
111471
103818
94168
88844
87846
101488
90174
90175
119124
97828
97162
99492
102487
102487
87845
88178
103153
103818
103152
105814
103817
102153
122119
103152
72872
71874
75866
89177
70211
70211
70210
73870
70543
70210
82189
84185
117793
70543
70543
86514
80525
72206
70543
70210
70210
75534
87845
70876
72872
69878
76200
70210
72539
70210
70543
75867
88844
70210
71874
70210
73205
70210
70210
70543
70210
76533
87845
72872
72872
72207
73205
70210
72872
71874
72207
75202
70210
70210
70210
70542
75201
70210
70210
72872
70211
73204
70210
70210
70210
72207
89842
70542
70210
72206
75867
88179
72873
70210
70543
195324
87513
88179
115464
85849
84518
86182
92504
96830
70542
70543
132102
136095
93169
107145
100158
88844
75201
72539
70210
70542
72872
73870
72539
70210
70210
70210
72206
70543
70875
70543
70543
77198
92837
98827
98493
99492
97162
86182
71209
104816
94167
72539
70543
71208
72872
70543
70543
70542
73205
70543
70543
70211
70543
70542
72872
70543
70876
70210
72207
70542
70876
70542
70876
74536
73205
72206
70543
70876
74535
72872
72872
70876
70543
72540
70876
70875
70876
70542
72207
73538
70542
70543
70543
72539
70876
72872
71208
70543
86515
71873
70876
71208
73205
72539
70875
70876
73205
70876
72872
70543
70875
70876
72872
72872
70876
76533
70875
71208
72872
70876
71209
73537
73537
73870
70876
70876
73537
73205
74203
70875
70543
70876
70875
70876
71209
70876
70543
73205
70876
70876
70543
70875
70876
73205
71209
70543
70876
72206
72539
71208
73537
70543
70875
76200
73537
71208
71209
70876
72872
70875
72872
70875
70876
72539
71209
99825
84518
75201
71209
73871
74203
76865
75201
71209
73537
73205
73205
74203
70876
71209
71209
71541
74536
71208
71208
73537
71208
76199
70876
71208
70876
72206
75867
70875
71208
72539
71208
74869
73537
71208
71209
71208
78196
71208
71208
71208
71208
76200
72539
71208
71208
71208
75534
73205
71541
71541
71541
86847
83852
73538
80193
87513
89509
