14308
11314
9983
27618
10315
9649
9983
9983
9982
9982
9982
9982
9983
9983
9983
9982
9649
9982
9983
9983
9982
9983
9982
9982
9982
9983
9983
9982
9983
9982
9983
9982
9982
9982
9982
9982
10648
9983
10315
10315
9983
10315
9983
9982
9982
10315
10315
9983
10316
9982
9983
10315
9982
10315
10315
9983
9983
10315
9982
10315
10315
10315
9982
10315
9982
11646
10648
9982
10315
10316
10316
10315
10316
10315
9982
9983
13975
10316
10315
9982
9982
10315
10315
10315
10315
9982
10315
10315
10315
9983
17969
16970
16637
16971
17303
13310
13643
14641
16304
14641
14309
13643
15306
13310
9983
9982
9983
9982
10315
10315
9982
10315
9983
9982
9982
9983
9982
9982
9982
10315
9983
9983
9982
10315
9982
9982
9983
9982
9983
9982
9983
9983
9983
10315
10316
9982
10315
9983
9982
10315
10315
9983
9982
10315
10315
9983
10315
9983
9983
10315
9982
10315
10316
10315
10315
9982
10315
9982
10315
9983
10315
10316
10315
10315
10315
10648
9982
10315
10315
9982
11313
10315
10315
10315
10315
10316
10315
10648
11979
13975
13310
12978
14641
10980
10648
10648
10315
10648
10315
10315
10648
10315
10315
11646
10315
10648
10315
10315
10316
10648
10315
10316
10315
10315
10315
10648
10316
10315
10648
10316
10316
10315
10648
10648
10648
10315
10648
10315
10315
10648
10315
10315
10315
10315
13310
10648
10315
10315
10315
10315
10648
10316
10316
10315
10315
12977
13643
14309
30280
10648
10648
10316
10647
10315
10648
10315
10648
10648
10648
10648
10647
10316
10648
13310
10648
10648
10648
10648
10315
10648
10648
10648
10648
10315
10648
10648
10316
10648
10647
13643
13975
13643
10981
10648
10648
10648
10648
10648
10648
10648
10648
10648
10981
10648
10648
10648
10648
10648
10981
10648
10648
10647
10648
10648
10648
10980
10648
10981
10648
10647
10648
10980
10648
10981
10981
10648
10981
10648
10648
10648
10648
10648
10648
12312
10648
10980
10648
10648
10981
10981
10648
10981
10980
10647
10981
10981
10648
10981
10981
10648
10981
10981
10648
10981
10980
10648
10980
10981
10981
10981
10981
10981
10981
10980
10981
11646
11314
10980
11313
10981
10981
10981
10980
10981
10981
10981
10981
10981
12644
10981
10980
10981
10980
10980
10981
10981
10980
10981
10981
10980
10981
10981
11314
10981
10981
10980
10981
10980
11313
11314
10981
11314
11313
11314
10981
10981
11314
11313
11313
11314
10980
10981
10980
10981
10981
10980
11314
11313
10981
11313
11314
11313
10981
11313
12645
11646
11313
10981
11313
11313
11314
11314
11313
10981
11313
10981
11313
11314
11314
12645
11314
11313
11313
10981
11314
11313
11314
11313
10981
11313
11314
11313
11314
10980
11314
11314
11314
11313
11314
11313
11314
11313
11313
11314
11646
11314
11313
11314
11314
11313
11646
11313
11313
11646
11647
11314
11313
11314
11314
11646
11646
11313
11314
11646
11646
12645
11646
11313
11313
11646
11313
11314
11314
11646
11646
11313
11646
11647
11646
11313
12977
11646
11646
11314
11646
11646
11646
11979
11646
11647
11314
11646
11313
12977
11646
11646
11313
11646
11646
11646
11646
11646
11647
11314
11646
11313
11646
11646
14308
11646
11979
11646
11646
11647
11647
11646
11646
11646
11646
11646
11646
11646
11646
12978
11647
11979
11647
11646
11646
11646
13310
15307
11979
11979
11646
11647
11646
11979
11646
11646
11979
11646
11646
11646
13975
11646
11646
11646
11646
11646
12311
12978
11979
15639
11646
11647
11647
11647
11979
11646
11647
11979
11646
11646
11979
11979
11979
12311
11646
11646
11646
11979
11979
31279
15306
12312
11979
11979
11979
11979
13310
11979
11979
11979
11646
11979
11979
11979
11979
11646
11979
11979
11979
11647
11979
12312
11979
11979
11979
12645
12311
11979
11979
11979
11979
11979
11979
11979
13643
11979
11979
11979
11979
11979
11979
11979
11979
11979
11979
11979
11979
11979
12312
12311
11979
12312
11979
11979
12312
11979
12312
12312
12311
11979
11979
11979
11979
11979
11979
12311
11979
12312
12312
11979
12312
12311
11979
12312
12311
12312
11978
12312
12311
12312
12312
11979
11979
12312
12312
11979
11979
12311
12312
12311
12312
12312
12311
12312
12311
12312
12311
12312
12311
12312
14973
12645
12312
12312
12644
12312
12311
12312
12312
12312
12312
12312
12645
12312
12312
12311
12312
12312
12311
12312
12312
12644
12312
12312
12312
12645
12644
12312
12312
12645
12311
12312
12311
12312
12644
12312
12644
13976
12645
12312
12312
12312
12644
12312
12311
12312
12311
12645
12644
12645
12312
13975
12311
12312
12644
12644
12644
12312
12644
12644
12645
12644
12644
12645
12644
12645
12644
12644
12644
12645
12644
12645
12311
12645
12312
12311
12645
12644
12312
12645
12311
12645
12645
12644
12644
12645
12311
12645
12645
12644
12644
12977
12645
12644
12644
12645
14308
12645
12645
12644
12977
12644
12645
12644
12644
12644
12645
12645
12645
12644
12645
12645
12645
12645
12645
12644
12645
12645
12644
12977
12645
12977
12644
12645
12978
14308
12644
12977
12977
12645
12645
12644
12977
12978
12977
12977
12977
12978
12977
12644
12977
12977
12977
12977
12645
12977
12977
12644
14974
15639
13310
12977
12645
12977
12977
12977
12644
12977
12645
12977
12977
12645
12978
12977
12645
12977
12978
12978
12977
12977
12644
12977
12978
12644
12977
12977
12978
12978
12978
12978
12978
12977
12977
14308
12977
12977
12977
12977
12977
12977
12977
12977
12978
12977
12977
12978
13310
12977
12977
12977
12977
12977
12977
12977
12977
13310
12977
12978
13310
13309
13310
14641
12977
12977
13310
13310
12977
13310
13310
12977
12977
13310
12977
12977
12977
12978
13310
13310
13310
13310
13310
12977
13310
13310
13310
13310
13309
12977
13310
13310
12978
13310
13310
13310
13310
13310
13310
13310
13310
13310
13310
13310
12977
13310
35272
16971
17303
16971
16637
16970
17303
17303
17303
18967
16970
16970
17303
17302
17303
19965
20297
16971
16970
16971
18967
17969
16970
16971
16638
49912
17303
16970
16970
17969
16970
16970
17303
16971
16970
21296
18301
17303
19965
17636
18967
17303
17303
17303
17636
16970
16971
17635
18634
17303
17303
42259
18967
19632
19632
17303
17636
16970
18301
17303
17969
17968
46918
20963
17303
20298
49912
17302
17303
18967
17635
18967
17636
21962
17968
20630
19633
20298
35937
28950
19300
20630
18967
96830
14308
13643
13643
13643
13642
13976
13643
13643
13975
13643
13975
13975
13643
13643
13643
13643
13643
13976
13642
22294
13976
13975
13642
13975
13976
13643
13975
18301
13976
13975
13975
13643
13975
13643
13975
13976
13975
17303
21962
18634
17968
13975
13976
13976
13643
13976
13975
13976
13975
14974
13975
13976
13975
13975
13642
17636
14308
13975
13976
14308
13976
13975
13975
13975
13976
14308
13975
13975
14309
14308
13642
14308
13976
13976
18302
17303
17636
15972
13975
16970
13975
14309
13975
18634
13975
13976
14308
13642
13975
13976
13976
13976
13976
14308
14308
14308
13976
13976
13976
13976
13976
14309
13976
13976
13976
13976
14641
14309
14309
13976
17969
14309
13975
14309
13975
14308
14308
13976
14309
14308
14641
14308
14308
14309
14308
14308
14308
13975
14308
14309
13976
14308
14308
13976
14641
14308
14308
17303
14308
14308
14309
14308
14308
14308
14309
14641
14309
14309
14308
14309
14308
14308
14308
13976
14308
14309
14308
14309
14641
13975
14641
14641
14309
14308
18967
14640
14308
14640
14308
14308
14309
14308
14640
14641
14308
14308
14309
14641
14308
14640
13975
14308
14308
14309
14308
17303
14641
14308
14308
16305
14308
14641
14308
14308
14308
14308
14641
14641
16638
14309
14641
14308
14309
14308
14308
14641
14641
14308
14641
14641
14309
14308
15972
14641
14641
14641
14641
14641
14641
14309
14641
14641
14309
14641
14641
18634
14641
14641
14641
14641
14641
14641
14641
14641
14641
14641
14641
14641
14641
14974
14641
14641
18301
14974
14641
14974
14641
14641
14641
14641
14641
14641
14974
14641
14641
14641
14641
14641
14641
14641
14641
14641
14641
14973
14641
14641
14973
14641
16637
14974
14974
14973
14974
14974
14973
14974
14641
14641
15972
14974
14973
14974
14974
14973
14974
14641
14641
14974
14641
14641
14974
17968
14974
14974
14641
19632
15306
18966
14974
14974
14974
14974
14974
14973
18301
15307
14973
14974
14974
14974
14974
14974
14974
14641
14973
14974
14974
27951
15972
17303
18301
15639
14974
15306
14974
14973
14973
15307
16638
14974
14974
17968
14973
14974
14974
14974
14974
14974
14974
15307
14641
14974
16638
14974
14974
14974
14641
14973
15307
14974
14973
14974
15307
15306
14973
14974
15306
14974
14974
14973
14973
14974
14973
14974
14974
15306
15307
14974
14974
16637
14974
15306
15306
14974
14974
15307
14974
15306
14974
14974
15306
15306
15306
15306
14974
14974
14974
14974
15307
15306
14973
15306
15307
15307
14974
15307
16637
14974
15306
14973
14974
15306
14974
15306
14974
15307
14974
15307
15306
14974
15306
15307
15306
15306
15306
15306
15639
15306
15306
15639
15306
15307
15307
16638
15306
15306
15306
15306
15307
15307
15307
15307
15307
15307
15307
15307
15307
15640
15306
15307
15639
15640
15640
15640
15307
15306
15307
15306
15972
15639
15307
15306
15639
15639
15306
15639
15639
15639
15639
15639
15639
15639
16970
15640
15640
15639
15307
15639
15639
15639
15639
15639
15307
15639
15639
15639
19965
16305
15972
15640
15639
15640
15639
15639
15640
15639
15639
15307
17303
15639
15639
15639
15640
15640
15639
15639
15640
15972
15639
15639
15639
15639
15640
15639
15972
15639
15639
15639
15639
15639
15639
15639
15640
15972
15972
15639
15639
15639
15639
15639
15639
15640
15639
15639
15640
15972
15640
15972
15640
15972
15972
15972
15639
15972
15639
15972
15640
15639
15640
15972
15640
19299
16305
15972
15640
15972
15972
15972
15972
15972
15639
15972
15639
15972
17302
15972
15972
15972
15972
15972
20297
17303
20631
18302
23293
22294
19965
16305
15972
16305
15972
15639
15972
15972
15972
15972
19965
15972
15972
17969
16305
15972
15972
15972
33608
21629
15972
15972
18967
16304
16305
16304
16305
15972
15971
15972
16304
16305
15972
15972
15972
16637
16305
16304
20630
16305
16305
16305
16305
16304
16304
15972
15972
16305
16637
16305
16305
16304
15971
15972
15972
16305
16304
16304
16305
16305
16970
16304
16305
16304
16638
16304
16305
16305
16305
16305
15972
16305
16305
18634
16304
16304
16638
16305
16304
16638
16638
16305
16305
16638
16305
16305
16637
16638
16304
21295
16637
16638
16305
16305
16305
16305
16305
16637
17303
16638
16637
16305
16304
16305
16637
16305
16638
16305
16305
16304
16305
19632
16638
16304
17968
16971
16638
16638
16305
16304
16637
16304
16304
16637
21296
17303
16970
16638
16638
16305
16638
16637
16638
16638
16305
16638
17303
16970
16304
21629
16638
16637
16637
16637
16637
16637
16637
16304
16638
16637
16305
16638
16305
16305
16638
16638
16638
16304
16305
16637
16637
19632
16638
16638
17303
16971
16638
16637
16637
16638
16638
16638
16638
16638
16970
16970
16971
16637
16638
16637
16637
16638
16638
16638
16637
16970
16637
16970
16971
16637
16970
17303
16970
16970
16638
16637
16971
17635
16637
16637
16638
16970
16970
16638
16637
16970
16638
16970
16637
16638
19632
17303
16970
20963
16970
16970
16970
16970
16970
16970
16970
16971
16638
16970
16970
16970
16970
16638
16637
16970
16970
16970
16970
16971
16970
19965
16971
16970
20964
17303
17303
17303
16970
16970
16970
16970
16637
17303
16970
16970
16971
16970
16970
16971
16970
16971
16970
16970
16971
16970
17303
17303
17303
17303
16970
16971
17303
16970
16970
16970
16970
16970
17303
17302
16971
17303
16970
17303
16970
16970
16970
17303
16970
16970
19299
17303
17303
19300
17303
17303
16970
17303
16970
16971
17303
17303
16970
17303
19633
21961
21296
23957
17636
17303
19965
17635
17303
17303
17303
17303
17303
17303
17303
17303
17303
17303
16970
17303
17303
17303
16970
17303
17303
17636
17303
17303
16970
17303
17303
17303
16970
17302
17303
18634
17303
17303
16971
17303
17303
17303
17303
17303
17303
17303
17303
17303
17635
17303
18633
20963
17636
17636
17303
17303
17303
17303
17636
17303
17635
17636
17303
17636
17303
17303
17303
17303
17303
17302
17636
17968
17635
17636
17303
17303
17636
17636
17635
17303
17303
17636
17635
17303
17636
17635
17303
17636
17636
17636
17636
17636
17303
17636
17303
17636
17635
17636
17635
17635
17635
17635
17635
17635
17636
17636
17636
17636
17635
19299
17636
17636
17636
17636
17968
17635
17636
17636
17636
17635
17968
17635
20630
17969
17636
17636
17969
17636
17635
17968
17968
17636
17636
17636
19299
17969
17636
17636
17968
17969
17636
17969
17636
17636
17636
17636
17969
18301
17636
17635
17969
17968
17636
17968
17968
17635
17968
17635
17636
17968
17969
17636
17636
17968
17635
17969
17968
17968
17968
17968
17635
19299
17969
17968
17969
17968
17968
18301
17969
17969
17969
17636
17969
17969
17968
17968
17969
17969
17636
23292
18966
17969
18301
18301
17968
17968
21628
18301
18302
17968
17968
18301
17968
17968
17968
17969
17969
17968
18301
19299
17968
17969
17968
17969
18301
18301
17968
18301
18301
17969
19632
18302
17969
18301
18301
18301
18301
18301
17969
18301
17969
18301
19632
18301
18301
18301
17969
18301
17968
18301
17969
18301
18301
18301
18301
18301
18302
18301
18301
18301
17968
18301
18301
18301
18301
18301
18301
18634
18301
18301
18301
18634
18301
18301
18301
18301
18301
18302
18301
19965
25289
24956
22627
18634
18302
18302
18634
18301
20297
18301
18302
18634
18301
18633
18301
18633
18301
18301
18634
18301
18302
18301
18301
18301
18302
18634
18301
18302
18634
18634
18302
18301
18301
18302
18634
18634
18633
18634
18301
18634
18301
18301
18634
18634
18301
18634
18634
18634
18634
18634
18634
18634
18634
18634
18634
18634
18634
18633
18966
18633
18634
18633
18634
18634
18634
18634
18634
18633
18302
18634
19965
18634
18634
18967
18634
18634
18634
18634
18634
18634
18634
18634
18634
18634
18634
18634
18633
18634
18966
18634
18967
18634
18634
18634
18966
18634
18966
18966
18634
18967
18634
18634
18966
18967
18634
18634
18634
18634
18966
18966
18634
18967
18634
18634
18967
18634
18634
18634
18967
20631
18966
18966
18634
18634
18967
18967
18967
18634
18634
18966
18967
18967
18967
18967
18967
18967
18967
18966
18966
18967
18634
18967
18967
20298
19300
18967
18634
18967
18967
18634
18967
18967
18634
18967
18967
19965
18967
18967
18634
18967
18967
18966
19299
19300
18966
19299
18967
21296
24290
19633
19299
19300
18966
18634
18966
24956
19299
19300
20630
19299
18967
18966
19299
19299
19300
18967
18966
18967
18967
18967
20297
18967
18966
18967
18967
19300
19299
18967
19299
19300
18967
19299
20631
18967
19300
18966
19300
19299
19299
19300
19299
18967
18967
19299
20631
19300
19632
19300
18966
19300
19299
19300
19300
19299
19300
19299
20964
19300
19300
19300
18967
19300
19299
19300
19299
19299
18967
19299
19299
19299
19300
19300
18967
19299
19300
19299
19633
19632
19299
19632
19633
19299
19299
19299
19300
19300
19299
19299
19633
19632
19300
19632
19632
19300
19300
19632
19300
19299
19299
19633
19632
19299
19300
19632
19632
19300
19633
19632
19632
19300
19632
19300
19299
19632
19299
20964
19300
19300
19632
19965
19633
19632
19633
19299
19300
19632
19299
19632
19632
19632
19632
19632
19300
19632
19632
19632
19632
19632
20963
19632
19965
19632
19632
19632
19300
19632
19632
19632
19633
19632
21296
19965
19632
19632
19633
19632
19632
19965
19632
19632
19632
19965
72206
25621
22627
19965
19965
19632
19632
19965
22627
19632
19632
19965
19632
19965
19965
19632
19964
19965
19632
24291
19965
19965
19965
19632
19632
19632
19632
19965
19965
19965
19632
19965
19965
37268
20297
19965
19965
19965
19965
19632
19965
19965
22294
19965
19965
19965
19965
19965
19965
19965
19632
19965
19965
19964
19965
19965
51909
26288
24957
28949
23625
23292
20297
19965
19965
20298
19965
19964
19965
19965
20298
19965
19965
19965
19965
38599
20297
20298
19964
19965
19965
19965
20298
20298
20297
19965
19964
20297
19964
20298
19965
20298
19965
19965
20298
20298
20298
20298
20298
20297
20298
19965
20297
19965
19965
20297
19965
20297
20298
20298
19965
20298
20298
20298
19965
20298
20298
19965
20297
20297
19965
20630
20298
20297
20298
20298
19965
20297
20298
20297
20298
20298
20297
20297
20630
20297
20298
20298
20298
20630
19965
22626
20297
20298
20298
20298
20298
20298
20298
20298
20297
20298
22959
20298
20297
20631
20298
20297
20297
20298
20630
20631
20297
20630
23292
25955
24624
20631
20631
20298
20298
20631
20298
20297
20630
20630
20631
20298
20297
20630
20298
20631
20630
20298
20631
23292
20297
20631
20631
20630
20298
20631
20630
20631
20297
20630
23293
20630
20631
20631
20630
20298
20631
20631
20630
20630
20630
20630
23293
20630
37934
20631
20631
20630
20630
20631
20298
20630
20631
23625
20630
20298
20630
20630
20630
20630
20630
20631
20631
20963
20963
20963
20963
20963
20630
20631
20631
20630
20630
20963
20963
20963
20963
20631
20630
20963
20630
20964
20631
20631
20630
23625
20631
38266
20963
20630
20964
20963
20630
20963
20963
20631
25622
20963
20631
20630
20631
20963
20963
20963
20631
20630
20631
20630
20963
20631
21296
21296
20963
20630
20963
21296
20963
20963
20963
20630
20631
20630
20630
20963
20630
20963
20963
20963
20631
27285
20963
38266
21296
20963
20964
20631
20963
20631
20963
21296
28284
20963
20963
20963
20963
20963
20963
20963
20963
20964
20963
20963
21296
20963
21296
20963
21296
20963
21296
21296
21296
20963
23292
21295
20964
21296
21296
21296
20964
20963
20964
21296
20963
20963
21296
20963
21296
21629
21296
20963
20963
20963
21296
20963
21296
20963
21296
21296
21296
20964
20963
20963
20963
20963
21296
21296
67881
21629
21629
20964
21296
21296
21296
21296
20963
21296
21628
21296
21296
21296
20963
21629
21296
21628
21296
21295
21296
25954
21296
38266
21296
21296
21629
21296
21296
21296
21296
21296
21628
21296
21295
21296
21628
21296
21295
21296
21296
21296
21296
24291
21296
38266
21629
21629
21296
21628
83853
21628
23958
21296
21296
21295
21296
21296
21629
21629
21628
21629
21629
21629
21629
21961
21629
21629
21296
21628
21296
21629
21296
21296
21629
21628
21296
21628
21296
21296
21962
21296
21296
21629
21629
21629
21629
21961
21629
21296
21296
21962
21629
21629
21296
21628
21629
21962
21629
21628
21629
21295
21629
21629
21629
21628
21962
21628
21961
21629
21961
21962
21628
21629
21628
21296
21629
26287
21629
21296
21628
21629
38599
29614
21962
21961
21962
21961
21962
22295
22627
25622
27618
22627
22294
22627
21961
23625
21962
22295
21961
21962
21961
21629
21629
21961
21961
21629
21961
21961
21962
21961
21961
21962
22294
22294
21961
21961
22294
21961
22294
22294
22294
21961
21962
21961
21961
21962
21961
21962
22294
21961
21961
22294
21961
21962
21961
22295
21961
21962
22294
21961
22294
22294
21961
21962
21962
22294
22294
22294
21961
22294
22295
23625
21962
22295
21961
22294
22294
21962
21961
22294
22627
22627
23625
21961
22294
22294
22294
22627
22294
21962
21961
22294
22294
23626
21961
22294
22294
21961
22294
22295
21962
21961
22294
22294
23625
22294
22294
22294
22294
22294
22294
22294
22294
22627
22294
22294
22295
22295
22294
22627
22627
22294
22294
22294
22294
22295
22294
22627
22627
22627
22627
22294
22294
22627
22294
22627
22627
22294
22294
22294
22294
22627
22294
22294
22627
22627
23958
23958
23958
22627
22627
22627
22294
22294
22627
22294
22626
22627
22294
22627
22627
22294
22627
22627
22294
22294
22627
22627
22294
22627
22294
22627
22627
22294
22294
22627
22627
22959
22960
22294
22627
22959
22627
22960
22627
22294
22294
22627
22627
22627
22627
22627
22627
22627
22627
22627
22627
22294
22627
22627
22627
22627
22959
22627
22627
22959
22627
22627
22959
22627
22627
22627
22294
22627
22627
22627
22960
22960
22626
22627
22627
22627
22960
22960
22959
22960
22959
22627
22627
26620
23293
23293
22627
22959
22960
22627
24290
22960
22627
22627
22959
22960
22627
22627
22960
22627
22960
24291
22959
22960
23292
22627
22959
23293
22627
22960
22627
22960
24291
22960
22960
22959
22627
23292
22960
22960
22627
22960
22959
24291
22959
22960
23293
22960
23293
22959
22960
23292
22960
22959
22960
22627
22960
22960
22959
22960
22959
22960
23293
22960
22960
23292
23292
22960
23292
23293
22959
22960
23292
22960
22960
23625
23292
22959
23293
23293
23293
22959
22960
22960
23293
22960
23293
23293
22959
23292
22959
22960
22959
23293
23292
23292
23293
24291
23293
23625
23292
23292
23292
22960
23292
23292
23293
23292
24624
23292
23626
23293
22959
22960
23293
22960
23292
23625
22960
23292
23958
23293
23292
23625
22960
23292
23292
23292
23293
23292
23293
23292
23293
23626
23292
23292
23293
23293
23292
23293
22960
23625
23625
23292
23625
23292
23293
23626
23626
23293
23293
24623
23292
23292
23292
23293
23293
23292
23625
23292
23626
23293
26620
23625
23625
23625
23625
23292
23625
23292
23292
23958
23293
23625
23292
27618
29282
38266
26287
23958
27286
23958
23625
23625
23293
23625
23625
23292
23625
23625
23958
23958
23958
23625
23625
23958
23625
23625
23625
23626
23625
23626
24956
23625
23625
23292
23958
23625
23293
23625
23625
23626
23626
24956
23625
23625
25289
27951
23958
23958
23293
23625
23626
25622
29948
24291
23626
23625
23958
26953
23625
23958
23626
23625
23625
23626
23293
23626
23958
23958
26620
40596
23958
23958
23625
23625
23626
23625
23625
23625
26287
23625
23958
23626
23958
23958
23625
23625
23958
23625
23958
23958
40595
23958
24291
23625
23625
24291
23626
23625
23958
26620
23957
23625
23626
23958
23958
23958
23958
23958
23958
23957
23625
40596
23958
23958
23958
24291
24291
23958
23626
24291
24290
24291
23625
23625
23958
23958
23958
23958
23958
23958
23958
24291
24291
24291
24291
23957
24291
23957
23958
23958
26620
23958
23958
24291
23958
24291
23958
23958
23958
23958
23958
29614
40929
24623
24291
24291
23958
23958
24623
24291
24291
24291
24291
24624
24624
23957
24291
24623
24290
24623
24291
24290
24290
24290
23958
24291
24290
23957
24624
24291
23958
24291
24291
24291
24291
24291
24291
24290
24290
23958
26620
55236
31944
27951
28616
33275
30946
24624
24291
24624
24291
24624
24291
24290
24291
24291
24291
23958
26952
42259
24956
24623
24290
24291
24291
24623
24624
24956
27951
24291
24290
24291
24624
24290
24291
24291
24956
24291
24291
31279
36269
36935
36935
36270
36602
42592
36935
36603
25289
25621
24623
33275
24956
24956
27951
44256
48914
41926
30946
32277
30946
29615
29282
30946
30945
30281
24957
26619
29947
31279
30946
30946
31611
30613
25289
32609
31611
31279
24956
24956
31611
29947
24956
24956
29948
31611
29947
33275
33941
32942
32276
32276
32277
31944
32277
32277
31611
28284
32609
31611
32277
31944
31279
31943
31944
32276
33608
32277
31944
32942
32277
32610
32942
50578
33275
32942
30613
32277
32610
31944
34273
32609
31944
32277
31944
30946
31611
29282
31278
31278
30280
29947
30280
30280
30613
31279
31279
31278
31279
31278
31612
35272
32942
30946
36603
34606
33275
29614
32609
35604
35605
27619
24956
24956
24956
26620
24956
27618
30613
24956
24956
24957
24956
24956
25289
25289
25289
24956
24956
25289
25289
25289
24956
24956
24956
24956
24956
25289
31943
26952
25622
24956
24957
24956
24956
24956
25288
25289
24956
24956
24956
24956
24956
25621
24956
24956
25289
25289
29615
32277
48582
33608
25622
25622
25289
25289
24956
24956
25288
24956
25289
25289
25289
25622
25289
24956
31612
44255
25622
25289
25288
25289
25289
25289
25289
25289
25621
25289
25621
25289
25289
25289
25288
25289
25289
25289
25621
25622
25955
25289
24956
25622
24956
25289
25289
25622
25289
25288
25289
25289
25289
25622
25622
25289
24956
25289
76532
32277
32609
31944
35604
31611
31611
31611
31943
31944
31611
32276
55569
32276
31944
31611
38267
33941
41593
25955
25954
25289
25621
31611
31611
30945
32277
41927
31278
31944
32276
31944
31944
34273
31611
31612
32277
31611
31944
32277
31944
73870
47250
32277
31278
30945
31278
30613
30945
34273
30946
31279
31278
31611
47250
32942
32277
32942
32942
33275
33940
33608
30946
31278
33941
31611
32942
31278
31278
30945
37267
88178
32610
31944
31278
31611
32277
31944
32609
32277
31611
31611
33274
32277
32277
32610
32277
32609
32277
32609
34273
32277
32942
32610
32610
32609
42925
32610
32610
31944
32942
31611
32609
35937
32942
33275
32277
34273
32277
31944
32276
31612
32277
32610
33275
37934
34939
34606
35937
34273
33940
32610
31944
33940
33607
34606
32609
32277
32610
31944
32609
32609
32609
32942
32609
32277
32942
32276
32610
32609
35272
36603
32277
32609
32277
32942
33275
32609
32609
32276
32610
32609
102154
31611
38266
34938
55569
35272
32943
32942
34938
32277
31612
48249
34939
34606
34939
26620
25955
25954
26287
25955
26287
25954
26620
25955
29282
31943
26287
25955
26287
26287
25955
25954
25954
26287
29282
26620
25954
25954
25955
26287
25955
25954
26287
25955
42591
27285
26953
25954
25954
26620
26287
26620
26287
28283
26287
26287
25955
26287
26287
25954
26953
26287
25954
29615
30613
40263
33940
40263
38932
41593
39265
38931
38599
39264
39264
39265
34939
32942
33940
31944
32609
32942
34606
33275
34606
32277
32277
39597
32942
34274
34273
31278
31944
31944
34274
32942
32942
34605
32942
31612
33275
38266
38932
37601
40596
40595
32276
37268
40928
31611
36270
31944
34273
37268
38599
37601
34939
36602
36270
34273
33274
27618
26620
26620
26287
26952
26620
31279
26620
26620
26288
26953
26620
26620
26287
26620
26620
26288
26620
26952
33275
34939
33940
36603
35604
34605
36602
34273
31944
33275
33275
35272
33940
33275
33940
32942
33275
34939
35272
34938
35271
35604
35272
32609
32609
34605
34273
34606
34273
34273
36602
35272
35272
36936
36603
35272
35604
36935
35272
35271
35604
35271
35605
35937
35271
35604
35604
35604
35271
35604
35271
35272
36936
35604
35604
35271
34939
35272
35271
34939
35604
35604
35605
35272
35271
35937
35604
35937
35271
54238
27951
27285
26620
26620
30280
26620
26952
27285
26620
26620
26620
27286
26620
26953
32942
26953
26953
26953
26953
26620
26620
26620
26953
26952
26953
26953
27285
27285
26952
26620
26952
27618
27286
26953
43923
26953
26953
26953
26952
26953
26952
26953
27285
31944
26953
26620
26953
26620
27285
26953
26953
26953
27618
26953
26952
27618
26620
26952
26953
27285
26952
26953
29615
26952
26952
27286
26952
26953
26953
26620
26952
27285
29615
27618
27618
27619
27286
26953
26952
27618
26953
27285
26952
26953
26952
27286
26953
26953
26953
26953
27286
26953
43590
27619
27285
27286
27619
26953
26953
27285
27618
31611
27286
30945
33275
31278
33940
27951
29282
27285
44256
27285
26953
27618
26953
27286
27286
27286
27285
29615
27286
27286
27618
27951
27618
26953
26953
27951
27285
44255
27285
26953
26952
26953
27286
27285
26952
27285
30280
26953
26953
27286
27285
26953
27618
27286
26953
26952
32610
27286
27618
27951
26953
27285
157723
35604
34273
34273
34606
72540
34273
72872
34274
33940
39597
33940
27951
27618
27285
27285
27619
27951
36603
34274
27618
28284
27619
27618
26952
27286
27286
27286
27285
27618
27286
32277
33940
27618
44588
27618
27285
27285
27951
27285
27285
27285
27950
32277
27618
27951
27286
27286
27286
27951
27285
27285
27285
44588
27618
27951
27286
27618
27286
27619
27286
27619
37601
27951
27951
27951
27618
27619
27618
28283
27951
47250
27618
27286
27286
27286
27285
27285
27618
27285
30613
27618
27285
27618
27285
27286
27951
27285
27286
27618
78862
28284
27951
27951
27618
27619
27618
28284
27619
29282
27618
27618
27618
28284
27618
27618
27618
27618
27951
29281
27618
27618
28284
28284
28283
27618
27618
28284
28284
29615
27618
27618
27618
27618
27618
27619
27618
27618
28284
27951
27618
27951
27618
27619
28284
27951
27618
27618
28284
27619
27618
28616
27618
27618
27619
28284
27618
27618
27618
31611
27951
28284
27619
27951
27618
27951
27951
27618
29282
27618
28616
28283
28283
27618
27618
28284
28616
28284
30280
34273
33275
34273
37934
31611
27951
27951
28616
27618
27951
27951
28283
27618
28283
34606
28283
27951
28284
27951
27951
28616
27951
27951
31279
28949
27951
27951
27951
28283
27951
28284
27951
27951
32610
28283
28283
28283
27950
27951
28949
28616
28616
30946
28284
28617
28284
28950
27951
27951
27951
27951
28284
33275
28616
27951
28616
27951
27951
28283
28284
28283
32277
54571
35937
28616
28949
28284
27951
28616
29948
28283
27951
28616
28284
27951
27951
28284
28284
28949
28283
28284
27951
28284
28284
28284
28284
28284
28616
28949
30280
28284
28283
28949
28616
28617
28284
28283
28284
28284
28283
28284
28283
28283
28949
28284
28284
28283
28283
29947
28617
28283
28283
28617
28616
28284
28284
28949
28284
29615
28617
28949
28283
28283
28283
28283
28616
28949
29948
28616
46584
35937
36269
34273
34938
36270
29282
29615
33608
28949
28617
28949
28617
30613
28616
28616
28616
28949
28616
28616
28284
28617
29281
28617
28284
28617
30613
28283
28949
28617
28617
28284
30280
28283
28616
29282
28284
28949
28616
29282
28616
28284
28284
28616
28616
29281
28284
28284
28616
50578
40928
28949
28950
28949
29615
28950
28950
28949
28949
29615
44256
29615
28949
28949
28949
28949
28949
28949
28949
28950
29614
28949
28949
28949
29282
29615
29614
30946
28949
29282
28949
28949
29282
28949
28949
28950
29615
28949
28949
34273
32277
35604
33940
29614
29615
31279
28949
29282
29281
28949
28949
28949
29948
29282
28950
28949
29282
29615
29947
29614
28949
28949
29282
28950
30946
29282
29282
29282
29947
29282
29282
29282
29282
31278
29282
29615
29282
29282
29282
29282
29282
28950
28949
36603
29948
29282
29282
28949
29282
29948
29947
29947
30945
29281
28949
28949
29281
28949
28950
29282
29948
29282
29282
29282
29282
29948
29947
29947
29282
29282
29282
30946
29615
29282
28949
29282
29948
29282
29282
29282
31278
29282
29947
29282
29282
29282
29948
28949
29282
30280
29282
29282
29282
30280
29282
29282
29282
29282
29282
32277
29282
29282
29282
29282
29615
29282
29282
29615
29947
30280
29948
29282
29282
30281
29948
29948
29282
29282
30946
29614
29614
29282
29614
29615
30280
29615
29282
29615
29615
29282
29948
29615
29282
29615
29948
29615
29282
49913
30946
30280
29947
30280
29615
29615
29614
30945
29615
29947
29281
29614
29281
29615
29614
29614
29614
31279
36602
40262
31278
32942
29947
30280
52242
29948
29615
29615
29615
29615
29615
29948
32609
29615
30613
29615
29614
29614
29614
29615
30613
29948
30280
31611
30613
29615
29948
30613
29615
29615
32610
30613
29948
29615
29615
29947
29947
30280
29615
32277
29947
29948
29614
29614
29947
29947
30613
30613
32942
29948
29947
38266
38266
36935
70210
36270
35604
30280
29947
29947
29948
29948
32609
29614
29947
29947
29615
29948
30280
29947
29948
31611
30613
29615
29947
30613
29947
29948
29947
30613
30280
30280
29948
29947
29948
30280
30280
29948
29948
30280
31612
29947
29948
29947
30613
30945
30613
29947
29948
31944
30613
30280
29948
29947
30281
29947
29948
30280
30281
30280
30946
29947
30280
29947
29947
29948
30613
30280
29947
30280
30613
29947
30280
30946
30280
29948
30280
32276
30280
30280
29947
30280
