2662
2995
1331
1664
2662
1996
998
1331
998
1663
1996
1996
1996
1996
1996
1996
1996
1996
1996
1997
1997
1997
1997
1997
1997
3327
1996
1996
1997
2329
1996
1997
2329
1996
1997
2329
2994
2330
2329
1996
1997
2329
1997
2329
2329
2329
2329
1996
2329
1997
2329
3327
2329
2329
2329
2330
2329
1996
2329
1996
1997
2329
2330
2329
1996
2329
2329
1997
1996
2329
1996
2330
2329
2330
2329
2994
2330
2329
2329
2329
2330
2330
2330
2329
1997
2329
2330
1996
2329
2329
2329
2329
2329
2329
2329
2329
2329
2995
2329
1997
2329
1996
2329
1997
2329
1996
1996
1997
1996
1997
2329
1996
1997
2329
1996
1997
2329
1996
1997
1996
1997
1997
2329
1663
2329
2662
2329
2330
1996
1996
2329
1996
2330
2329
1997
1996
2329
2330
2330
1997
2329
1996
2329
6323
3328
3660
3660
3993
3660
3328
2994
3661
3328
3328
3660
3660
3328
3660
3661
3660
2994
3660
3993
3661
3661
3660
3328
10648
3993
3660
3328
3328
3327
3328
3327
3661
2662
2329
2329
2329
2330
1997
2329
2662
2662
2330
2329
2329
4326
2995
2329
2662
2330
2662
2330
2330
2330
2330
2330
2662
2329
2329
2329
2662
2662
2662
2330
2330
2329
2329
2329
2330
2662
2329
2329
2329
2662
2329
3660
2662
2329
2329
2329
2662
2330
2662
2662
2662
2329
2662
2330
2662
2662
2329
2662
2329
2329
3993
2662
2662
2662
2662
2662
2662
2662
2662
2329
2662
2329
2662
2662
2994
2661
2329
2662
2662
2662
2995
2994
2662
2662
2329
2662
2662
2662
2662
2662
2662
2662
2662
2662
2662
2662
2662
2662
2662
2995
2662
2662
2662
2662
2662
2662
2662
2662
2662
2662
2662
2662
2662
2662
2662
2662
2995
2662
2662
30946
2995
2995
2662
2662
2662
3660
3993
2995
2662
3660
2995
2995
3993
4326
5324
4658
2995
2995
2662
2662
2994
2662
2662
2662
2662
2662
2994
2995
2662
2662
2662
2995
2662
2662
2995
2994
2995
2995
2995
2994
2995
2994
2662
2995
2995
2995
2995
2995
2662
2995
2995
2995
2995
2995
2995
2994
2995
2995
2995
2994
2995
2995
2994
2995
2995
2995
2995
3328
2995
2995
2994
2995
2995
2994
2995
2995
2995
2995
2995
2995
2994
2995
2994
2995
2995
2995
2994
2995
2995
2995
2994
2995
2995
3328
2994
2995
2995
2994
2995
3328
2994
3328
3328
2994
2995
3328
3328
2994
2995
3327
3327
3328
2994
3328
2995
3328
3327
3327
2995
3328
3327
3327
2995
3328
3327
2995
2995
3328
3327
3327
3328
3328
3327
3327
3327
3327
3327
3327
3328
3327
3327
3327
3328
3327
3327
3327
3328
3328
3328
3327
3328
3327
3328
3327
3328
31944
3328
3660
3327
3661
3328
3660
3660
3660
3328
3660
3660
3660
3328
3328
3660
3328
3328
3660
3660
3327
3660
3660
3327
3327
3328
3660
3661
3660
3327
3660
3327
3660
3327
3993
3660
3661
3660
3661
3660
3660
3327
3660
3661
3661
3660
3660
3660
3328
3661
3327
3660
3660
3328
3660
3660
3660
3660
3327
3660
3660
3660
3660
3661
3661
3661
3661
3661
3660
3661
3327
3660
3660
3327
3993
24291
3993
3993
3660
3660
3660
3660
3661
3660
3661
3993
3661
3992
3661
3661
3993
3993
3993
3993
3660
3993
3661
3993
3660
3660
3660
3660
3993
3993
3993
3993
3993
3660
3993
3993
3660
3660
3993
3661
3993
3993
3993
3993
3993
3993
3993
3993
3993
3993
3993
3660
3993
3993
3993
3660
3993
3660
3993
3993
3993
3993
3993
3993
3993
3993
3993
3993
3993
3993
3993
3993
3660
3993
3993
3660
3993
3993
3993
3993
3993
3993
4326
3993
3993
3993
3993
3993
3993
3993
3993
3993
3993
3993
3993
3993
3993
3993
3993
3993
3993
4326
3993
3993
4326
3993
3993
3993
3993
4326
3993
3993
4326
4326
4326
3993
4326
4326
3993
3993
6322
3993
4326
4326
4326
4325
3993
3993
4326
3993
4326
4325
4326
4326
4326
4326
4326
4325
4326
4658
4326
4326
4326
4326
3993
4326
4326
4326
4326
4325
4326
4326
4326
3993
4325
4326
4326
58231
4659
5990
4326
4325
4325
4326
4326
4325
4658
4659
4325
4326
4326
4325
4325
4658
4326
4326
4658
4326
4325
4659
4325
4659
4326
4326
4325
4326
4326
4326
4325
4326
4658
4659
6655
4659
33941
4658
4659
4658
4659
4659
4325
4659
4326
4325
4326
4659
4326
4326
4659
4659
4326
4658
4659
4659
4658
4658
4659
4326
4659
4326
4658
4659
4659
4659
4658
4658
4658
4326
4658
4325
4659
4326
4326
4992
4658
6655
6322
6323
6655
6988
6322
6655
6322
6655
5989
6323
6655
6323
6655
8319
5989
43923
6323
4991
4658
4658
4659
4659
4659
4325
4658
4658
4659
4659
4659
4658
4658
4991
4659
4659
4992
4659
4658
4991
4991
4658
4991
4659
4659
4658
4659
4991
5324
4991
4658
4991
4991
4659
4658
4658
4659
4991
4991
4991
4659
4659
4659
4658
4991
4658
4992
4991
4991
4658
4991
4658
4991
4658
4659
4992
4992
4992
4991
4991
4991
4991
4991
4991
4659
4659
4992
7321
4991
36269
4992
4991
4991
4991
4992
4992
4991
4992
4991
4991
4991
4992
4992
4992
4992
4992
5989
5657
5324
5324
6655
5324
4992
6323
7320
5324
5657
5324
5324
5324
4991
5324
4992
5324
5324
4991
4991
4991
4991
4991
4991
4991
4991
4991
4991
4992
4991
4991
4991
5324
4991
5324
4991
5324
5324
4991
4991
5324
5324
5324
4991
5324
5324
5324
5324
5324
5324
4992
5324
5324
5324
5324
5324
5324
5324
4992
5324
5324
4991
5324
5324
5324
5324
5324
5324
5324
5324
5324
5324
5324
5324
5657
5324
5324
5324
5324
5324
5324
5324
5324
5324
5323
5324
5324
5324
5324
5656
5324
5324
5324
5324
5657
5324
5324
5324
5324
5323
5657
5324
5324
5657
5657
5657
5324
5657
5324
5324
5324
5324
5657
5657
5657
5324
5323
5324
5657
5324
5324
23625
5989
5323
5324
5657
5657
5324
5657
5324
5324
5657
5324
5324
5656
5324
5657
5656
5657
5657
5656
5657
5656
5657
5657
5656
5657
5657
5656
5324
5657
5657
5657
5657
5656
5324
5657
5657
5989
5657
7321
7986
5990
5657
5656
5657
5656
5657
5657
5657
5990
7320
7321
5989
5657
5656
5656
5657
5657
5657
5657
5656
5657
5657
5657
5656
5657
5657
5989
22627
5990
5656
5657
5989
5989
5990
5657
5657
5656
5657
5989
5990
5657
5656
5657
5656
5990
5989
5990
5990
5656
5657
5657
5657
5657
5656
5657
24956
6655
5989
5989
5990
5990
22960
6322
5990
5990
5990
5989
5989
6322
5990
5989
5989
5989
5989
5989
5989
5657
5990
5990
5990
6323
5989
5657
5989
5989
5989
5989
5989
5990
5989
6322
5990
6322
5990
5990
5990
5990
6322
5990
5989
5989
5989
5989
5989
5989
5989
5990
5990
5990
5990
6323
5990
6322
6323
5990
5990
6322
5989
5990
6323
5990
5989
5990
6323
6322
5989
5989
6322
5989
5989
8319
5989
6322
5989
6322
6322
5989
5990
5989
5989
6322
6322
6322
6655
6323
6322
5989
77863
7653
7653
6655
6322
6322
6322
5989
6322
5990
6323
6322
6322
6322
7986
6323
6322
16304
6988
6322
6323
6322
6322
6655
6322
6322
6322
6323
6322
6655
6322
6655
7653
6322
6322
6655
6322
6322
6655
6655
6322
6322
6322
6322
6655
6322
6655
6322
6322
6322
6322
6323
6655
6655
6655
6654
6322
6323
6322
6655
6655
6655
6655
6655
6322
6655
6322
6655
6655
6655
6655
6655
6655
6655
6655
6655
6655
6654
6655
6655
6322
6655
6322
6655
6655
6655
6655
6655
6655
6655
6655
6655
6655
6988
6655
6655
6655
6655
6655
6655
6655
6655
6655
6655
6988
6655
6987
6988
6655
6655
6655
6655
6655
6655
6988
6988
6655
6988
6988
6655
6988
6987
6655
6987
6655
6988
6988
6987
6988
6655
6988
6987
6655
6655
6988
6655
6988
6655
6655
6655
6988
6988
6988
6988
6655
6987
6988
6988
6988
6988
6655
6655
6655
6655
6988
6655
6988
6988
6988
6988
12312
7321
6988
6988
6988
6988
6988
6987
6655
6655
6988
6988
6988
6988
6987
6987
6987
6988
6988
9650
10981
8319
7653
6988
7321
6988
7321
7321
7653
7321
8319
34606
7320
7321
9650
7320
6988
7321
7320
6988
6988
6988
7321
7320
7986
9649
8984
7321
6987
6987
7320
7320
7320
6988
6988
7320
7320
6988
6988
7321
8652
7320
6988
6987
7321
6988
7320
7320
7320
7320
7320
7320
6988
7320
7320
7320
36602
7321
6988
7321
6988
7321
7321
7321
7321
6988
7320
7653
7321
7320
7321
7321
7321
8984
7654
7320
7320
7653
7321
7321
7321
7320
7320
7321
7320
7320
7321
7321
7320
31944
7653
7653
7320
7653
7653
7320
7320
7653
7320
7653
7320
7653
7321
7321
7653
7654
28616
8319
7654
7653
7654
7320
7321
7321
7320
7653
7653
7653
7320
7320
7654
38599
7653
7320
7321
7321
7653
7653
7653
7653
7321
7654
7653
7653
7653
7653
7654
7321
10315
7986
7653
7653
7653
7653
7653
7653
7653
7653
7653
7653
7654
7653
7653
7986
7986
7653
7653
7654
7653
7653
7654
7653
7320
7653
7654
7653
7654
7654
7986
7653
7654
8319
7986
7986
7653
7986
7653
7653
7653
7986
7986
7986
7986
7986
7654
7986
7986
7986
7654
7986
7654
7986
7654
7653
7986
7986
7653
7653
7653
7986
7653
7986
7986
8984
7986
7986
7653
7986
7653
7986
7653
7986
7986
7654
7986
7986
7986
7986
7986
42592
7986
7653
7653
7654
7986
7985
7653
7653
7653
7986
7653
7985
7986
7986
7986
29282
9317
8319
7986
7986
7986
7986
7986
7986
7986
7986
7986
7986
7986
7986
7986
7986
7986
8318
7986
7986
7986
7986
7986
7986
7986
7986
7986
8319
7986
7986
7986
7986
9650
8319
7986
7986
7985
7986
7986
8318
8319
7986
8319
8319
8319
8319
7986
8319
8651
7986
8318
7986
7986
8319
7986
8319
7986
7986
7986
8319
8319
8319
7986
8319
39265
8651
8319
8319
7986
8319
7986
8319
8319
8319
8318
8318
8319
8318
8318
8319
8319
8319
8319
8319
8319
8319
8319
8319
8319
8318
8318
8318
8319
8651
8319
8319
8652
8319
8318
42925
8651
10981
9983
10315
8984
10981
11979
12978
8985
18634
8984
8318
8319
8651
8651
8319
8319
8652
8319
8652
8319
8652
8651
8651
8984
8318
8319
8318
8651
8651
8651
8318
8651
8319
8319
8318
8651
8318
8652
8652
8652
8318
8651
8318
8652
8319
8319
8651
8651
8651
8652
8651
8651
8651
8652
8651
56567
8984
8651
8652
8318
8651
8652
8651
8651
8651
8652
8652
8651
8319
8652
11313
8651
8319
8651
8651
8652
8651
8651
8651
8652
8651
8652
8652
8651
8652
8984
8652
8985
8984
8652
8984
8984
8985
8652
8651
8652
8652
8651
8651
8984
8984
8651
8652
8652
8652
8651
8984
8652
8651
8652
8651
8984
8984
8651
8652
8984
8651
8984
8984
40596
8984
8984
8984
8984
8984
8985
8984
8984
8651
8984
8651
8652
8984
8652
8984
8985
8984
8984
8984
8984
8984
8984
8651
8984
8984
8984
8984
8984
8984
8984
8984
8984
9317
8985
8984
8984
8985
8984
8985
8984
8984
8984
8984
9317
11979
11646
12644
9317
8984
8984
8984
8984
8984
9317
8984
8984
8985
9317
9317
8984
8984
8984
8984
26620
9983
9317
9317
8984
9317
9317
9317
9317
8984
8984
8984
8984
9317
9317
8984
8984
9317
9317
8985
8984
8984
8984
9317
8985
9317
9650
9317
9317
9317
9317
9317
9317
9317
9317
9317
9317
9317
9317
8984
9317
9317
9317
9317
9317
9317
9317
9317
9317
9317
9317
9317
8984
9317
9317
9317
9317
9317
9650
9317
9317
9650
9317
9650
9317
9317
9317
9317
9317
9317
9317
9317
9317
9649
9649
9317
9316
9649
9650
9317
9650
9317
9649
9317
9317
9650
9317
9317
9650
9982
11979
11646
9650
9650
9317
9317
9317
50245
9650
9650
47583
13643
13310
9650
9317
9650
9650
9317
9649
9649
9317
9650
9650
69878
11979
11647
13975
9982
9650
13642
9982
9650
9650
9650
