22960
24291
23625
157390
29282
24291
26952
23293
23625
23625
23958
23625
23958
23625
23293
23625
22960
22959
23292
22960
23292
23625
23292
23292
23293
23293
23293
22627
23625
23958
23625
23625
23625
23292
23958
23293
23293
22960
25622
23625
23292
23625
22960
23625
23292
23292
22960
23292
22959
22959
23293
22960
22960
23292
22959
23293
24290
23292
23292
22960
22960
22960
23625
22627
23292
23626
23292
23293
23293
23292
22959
23625
23292
22960
23292
22960
22960
22960
25621
23292
22627
22627
22959
23292
23293
22627
61559
22627
22294
45254
22960
22294
22626
22627
22294
22294
22627
22627
22295
22627
22627
54238
23625
22294
21961
22294
22295
21961
22627
22294
22295
22294
22627
53906
22294
22295
22295
21962
22627
22294
22294
21962
22295
22627
22294
56567
22960
21961
22294
21962
22627
22294
21961
21961
22294
21962
22627
53239
22627
21961
22627
22294
22294
22294
22295
21962
22627
22294
22627
55902
22294
22294
22295
22294
21961
21961
22294
22294
21962
21629
22294
22627
22294
21629
22294
21961
21961
21961
21629
22295
21629
21629
21961
26620
24623
22627
22294
22294
21628
21962
22295
22294
21961
22294
21628
51576
22627
21962
21961
21961
21628
22294
21962
21962
21629
21628
22294
21961
50911
23958
26953
22627
23958
27286
22294
21628
22295
25955
21962
22294
21629
21961
21629
21961
21961
21961
21628
21629
21296
21629
48248
22627
21961
21628
21628
21629
21961
21961
22294
21628
21628
21961
52241
24956
34938
27618
40262
22294
22294
21962
21962
25289
21961
22294
21628
21961
22294
21629
21962
21629
21296
21962
21629
55237
21962
21961
21962
21629
21961
21628
21629
21629
21628
21961
21629
23958
54238
21629
21962
21296
21962
21961
21629
21629
21629
21961
21961
24623
21961
21628
21628
21628
21296
21629
21962
21962
21629
21962
21296
21961
23958
53240
21629
21962
21629
21962
21629
21296
21629
21629
21629
21296
24291
21628
21628
21628
21629
21962
21296
21296
21296
21296
21296
21628
21628
21296
21961
21962
21296
21961
21296
21629
21296
21296
21629
20964
21296
53240
21629
24291
25955
27619
27951
21296
21629
21628
21296
20964
23958
21962
21629
21629
21628
21628
21629
21628
21629
21296
21629
21629
21629
21628
21296
21296
21296
21629
21628
21296
20963
21296
23957
22294
20963
20963
21628
21296
21296
21629
21629
21296
21629
21629
23958
21296
20963
20964
20964
20963
21296
21296
21628
20963
21296
21296
21296
23958
53572
21296
21296
20631
21296
21629
21629
20963
20963
20963
21629
21296
21296
20630
21296
20963
20963
20963
21296
20963
20964
21296
20964
20963
20630
70875
21296
21295
21296
21296
20963
20964
20630
20963
20963
20964
20631
21962
20963
20963
20630
20963
20964
20963
21296
20963
20631
20963
20963
21295
70875
21296
23292
21296
21296
21296
20630
20964
21296
21296
21629
23293
20963
20963
20631
20630
20630
20963
20631
20630
20297
20631
20963
20964
21296
49247
20963
20631
20631
20631
20630
20963
20963
20630
20630
20630
20631
52574
20298
20630
20963
20630
20630
20631
20963
20298
20630
20297
20630
20631
21629
21296
20963
20963
20631
20630
20297
20963
20631
20963
20631
20964
20630
20963
20298
20630
20963
20630
20297
20963
20631
20963
20630
20963
20297
23625
20963
21296
20963
20630
20298
20297
20631
20964
20297
20963
20630
20298
20630
21296
20630
20298
20631
20630
20630
20298
20298
20963
20297
20630
68547
20630
20298
20630
20630
20964
20631
20963
20297
20631
20631
20631
20630
20631
20298
20630
20297
20963
20298
20964
20298
20630
20630
20298
20298
20631
23293
20963
20630
20630
20298
20631
20630
20963
20630
20631
20631
20963
20297
20631
20298
20631
20297
19965
20297
20298
20297
20298
20630
20298
21296
49912
20630
20630
20630
20630
19965
20631
20630
20297
20630
20631
19965
22627
20298
19965
20297
20298
19965
20298
20631
20297
19965
19965
20298
19965
20298
51576
20297
20297
20298
20298
20298
19965
19965
19965
20630
20297
19965
20630
20297
20631
20297
20298
19965
20298
20630
19965
19965
20298
20630
19965
22627
20630
20298
20631
20297
19965
20297
19965
19965
20298
19965
20298
19965
19965
20298
19965
20298
19965
20298
19965
19965
19965
19965
20298
20297
19965
20297
20297
19965
19965
20298
20298
20298
19632
20298
20298
20298
19632
22627
20631
19965
19965
20297
20298
19632
19965
19965
19965
19965
19965
20298
20297
24623
23292
23292
22960
23293
23292
22960
22960
23625
23958
22959
22960
23293
22960
25289
39264
39930
34605
29282
24623
20297
19965
20298
19632
19965
19632
19632
19632
19633
19965
21628
20297
19965
19965
19965
19632
19632
19299
19632
19964
24957
20297
19965
19965
19300
19632
19965
19299
19632
19965
19300
19633
19633
19965
19965
19964
19632
21629
19300
19632
19632
19299
19632
19632
19300
19300
19632
19632
19300
19632
19300
20630
19633
19633
19965
19299
19632
19633
19965
19299
19965
19299
19300
19965
19632
23292
25954
23292
25289
20630
19965
19964
19965
19299
19965
19965
20963
19633
19632
19299
19299
19299
19632
19965
19299
19632
18967
19300
19633
19300
20963
19300
18967
19633
19299
19632
19632
19299
19299
19300
19632
19633
19299
19299
19632
20964
19965
19299
19299
19632
19299
19300
18966
18967
18967
19632
19299
19632
19632
24291
19299
19299
19299
19299
18966
19632
19299
19300
19632
18967
18966
18966
20963
19632
18967
19300
19965
19299
19300
19633
18967
18967
18966
19632
19299
19299
19299
19299
19299
19299
18967
19633
19632
18967
19299
19299
19632
19632
18966
18966
20964
19632
18967
19632
18967
19299
19299
19299
19299
18967
18966
19299
19300
19299
18967
19632
18966
18967
18634
19299
18966
18967
19299
18967
20631
19300
18967
19632
18966
19299
19299
18967
19299
19299
19299
18967
19300
18966
18967
18967
18967
18634
19300
18967
18967
18967
19300
18967
18967
18966
18967
18966
19299
19299
18967
18967
19299
19299
19299
18967
19299
18966
18967
18634
18967
19299
18966
18967
19299
18966
18966
19299
19299
19299
19299
18967
18967
19300
18967
18966
19299
18967
18966
18966
18967
19299
18634
20630
23625
19632
18967
18634
18967
18967
18633
18967
18967
20630
18967
18634
18967
18967
18634
18967
18966
18634
18633
18634
18633
18967
18634
20298
18634
18967
18966
18967
18634
18967
18966
18967
18634
18967
18634
18967
18634
19964
18967
18967
18634
18634
18634
18634
18967
18967
18301
18634
18634
18967
18301
18634
30945
50245
25289
23292
19965
23625
18967
18301
18634
22959
19632
18967
18966
18634
18302
18967
18634
18634
18302
18301
18634
18634
18634
18634
18302
18634
18633
18301
18966
18634
18634
18634
18634
18634
18301
23292
25955
19299
18634
22627
22960
24956
24291
22627
22959
24624
25621
22627
22959
26287
24956
24957
25289
25622
18967
18634
18301
19965
18634
18634
18301
17968
18634
18301
18634
18301
18634
17969
18301
18634
18967
19632
18301
18301
18634
18301
18634
18301
18301
18302
17969
18634
17968
18301
18302
18301
18301
17968
18301
18301
18634
17968
23958
18967
17969
17968
18301
21961
18966
19965
22959
23625
23958
19299
24623
23625
18966
17969
18301
17968
18301
20630
23292
23625
18634
18301
18301
18634
18301
17968
17968
18301
17968
17635
18967
17969
18634
17968
17968
17969
18301
17969
17969
18302
17636
17636
18301
18301
19632
17969
17969
21962
18634
17968
18301
17968
17969
17968
17969
17968
17968
17968
19300
17636
17968
17636
17968
18301
17968
17968
17636
18967
17969
17636
18967
17303
18301
17968
17968
17968
17969
17636
17968
17968
17636
18302
17969
17303
17636
20630
22627
24291
23958
29615
23293
19965
23958
23958
22627
19965
18301
18967
18301
17636
17635
17968
19299
17968
17969
17969
17969
21962
23958
17969
17635
17635
17968
17635
17636
17636
17968
17636
17968
17303
17636
17968
17968
17968
17968
17635
17969
17969
17636
17635
53573
17968
17635
17636
17636
17968
17303
17968
17968
17636
17969
17636
17635
17636
17969
17969
17969
17303
17968
17636
17636
17635
17636
17303
17303
18301
17303
17303
17635
17636
17303
17635
17636
17302
17968
17969
17969
17968
19632
17636
17636
17635
17969
17303
17636
17303
17303
17636
17303
17303
17303
17635
17636
17969
17969
17635
17636
17303
17636
17303
17968
17636
17303
17636
17303
16971
19965
17303
17636
17303
16970
17636
17636
16971
17636
17303
17303
17635
17303
17303
16970
51576
17968
17635
17303
17303
17303
17303
17303
17303
16970
17636
17303
17303
17303
17636
17303
17303
17303
17303
17303
17636
17303
16971
17303
17303
17303
17303
17635
19632
17635
17303
17303
17303
17636
16970
16971
17303
17303
17303
17303
16970
16970
51576
17636
17303
17303
17636
16971
17303
17636
16970
17303
17303
16970
17303
16970
99159
19632
18966
17303
16970
16970
16970
16970
16971
17303
16971
16970
17303
16970
16637
16637
17303
16970
16970
16971
16970
16970
16970
16970
16970
16970
16638
16637
17303
16970
16970
16970
17303
16970
16637
16970
16971
16637
16970
16638
17303
16971
20963
16970
17303
17303
16637
16970
17303
16637
16637
16637
16970
16970
17303
16638
16638
16637
17303
16637
16970
16637
16637
16638
16970
16970
16970
16970
16638
16638
16638
16970
16970
16971
16970
16970
16638
16638
16970
16970
16637
16970
16970
16638
16638
16970
16637
17968
16970
16970
16638
16637
16637
16305
16637
16970
16637
16638
16970
16305
16637
16637
17969
16638
16305
16638
16637
16638
16638
16305
16637
16305
16638
16970
16970
16970
16970
17636
16637
19300
21629
16970
16304
16970
16305
16305
16638
16638
16637
16305
16970
16637
16638
16638
16638
16304
16305
16638
16305
16637
16971
16305
16305
16970
16637
16305
16637
18301
16637
16638
16305
16305
16970
16305
16637
16638
16637
16305
16304
16638
16304
15972
17635
16305
16304
16638
16304
16638
16304
16305
16305
16305
16304
16638
16970
16637
16638
16304
16305
20630
20630
19965
20630
22627
19965
17303
16305
16305
16305
16637
17968
16637
16305
16305
16305
16304
16305
16305
16305
16305
16305
16637
16305
15972
16305
17969
16305
16305
16305
15972
16304
15972
15972
15972
16305
15972
16305
15972
16305
16305
16638
15971
15972
15972
15972
15972
15972
15972
16304
16305
16305
16305
15972
15972
16305
15972
17303
16304
16305
16305
16305
16305
16304
16305
15972
15972
16304
16305
16305
15972
15639
16305
16305
16305
15972
15972
16304
15972
15972
15972
15972
15972
15972
15639
16305
15972
16304
16970
15972
16304
16305
16304
15972
15972
15971
15972
15972
15972
16304
16305
15972
15972
16970
16305
15972
15972
16304
16305
16304
16304
16305
15640
15639
15639
15639
15972
15972
15639
15972
15972
15972
15972
15972
15639
15972
15972
16304
15972
15639
15972
16305
15639
15306
15972
15972
15639
15971
15972
15972
15972
15972
15972
15972
15972
15971
15640
15639
15972
15639
16970
15972
15640
15639
15972
15639
15972
15639
15639
15639
15639
15639
15639
15640
15639
15307
15639
15639
15639
15639
15306
15972
15639
16305
15306
15972
15639
15639
15306
15307
15972
15639
15306
15639
15639
15639
15307
15639
15306
15972
15307
15307
15972
15972
15307
15639
15972
16970
15972
15639
15307
15306
15306
15307
15639
15640
15639
15639
15307
15639
15639
15639
15306
15640
15640
15640
15639
15639
15639
15639
15639
15640
15972
15307
15639
15306
15306
15307
16304
15639
15307
15307
15639
14974
15307
15307
15306
15639
15306
15307
15306
15639
14974
15639
16638
15639
17969
20298
16970
16970
19299
15639
15639
16970
15639
15639
15307
15306
16638
14974
15306
14974
15306
15307
15306
15639
15639
14973
15307
14974
14973
14974
14973
14974
16637
15639
15307
14973
14974
14974
14973
15307
15306
14974
14974
14973
14974
15307
15306
15307
16305
14974
15306
14974
14974
15306
14973
15306
14974
14974
14973
14974
14641
14641
14973
15307
17303
19300
15639
15306
15307
14973
14974
15306
15306
15307
14973
14974
14641
14974
14974
14973
18302
15307
14641
14974
14641
14974
14974
15307
14973
15306
15306
14974
14641
14641
14973
15306
15306
15307
14973
14974
14641
14974
14974
14973
14974
14974
14641
14641
14974
14974
15306
14974
15307
14641
14974
15306
14641
14641
14641
14641
14974
14641
14974
14974
14974
14974
14973
14973
16638
15307
14973
14641
14974
14641
14974
14641
14641
14641
14973
14973
14641
14641
14973
14641
15639
14641
14974
14973
14974
14641
14641
14641
14974
14641
14641
14973
14641
14641
14641
14641
15639
14308
14973
14973
14974
14974
14641
14308
14641
14641
14641
14641
14308
14641
14641
14308
14641
14641
14641
14641
14641
14308
14641
14641
14641
14641
14641
14641
14308
14641
14308
14641
14641
15639
14641
14641
14974
14308
14641
14641
14308
14309
14641
14641
13976
14641
14641
14308
14641
14308
14641
14309
14308
14641
14641
14309
14641
14308
14641
14641
14641
14641
14308
14308
14308
14308
14640
14308
14309
13976
14308
14641
14641
14309
14641
14308
13975
13976
14308
14308
14308
14308
15307
14641
14641
14308
14641
13976
14308
14308
13975
14308
14641
14309
14308
14308
13976
14308
13975
14308
14641
14308
14308
14641
14308
14309
14641
14308
14641
13975
14641
13976
14308
13975
13975
15640
14309
14309
13975
14308
14308
13643
14308
13976
14641
14308
13975
13976
13975
13976
14308
14308
14974
13976
14308
13975
13975
13975
13975
13976
14309
14308
13975
14308
13643
13975
14308
14308
13976
14641
14308
14308
14308
13976
14308
14308
14308
14309
13975
13976
13975
13976
13976
14308
13976
14308
14974
16970
14309
13976
14308
13976
13976
13642
13975
13975
13975
13976
13642
13976
13976
15306
13975
13975
14308
13975
13976
13643
13642
13975
13976
13975
13975
13642
14308
13976
13976
13643
13976
13975
13976
13975
13642
13975
13976
13975
13642
13642
13643
13643
14308
13642
13975
13310
13976
13643
13976
13643
13975
13976
13975
13643
13643
13310
13975
13975
13643
13643
13976
13310
13975
13310
13643
13976
13643
13975
13643
13643
13643
13643
13643
13643
13642
13310
13643
13643
13976
13643
13975
15640
19300
17303
18302
17969
18634
17969
19965
17636
13976
13643
13642
13643
13976
13310
13642
13310
13310
13310
13643
13643
13310
13643
13643
13976
13643
13642
13310
13309
13643
13310
13310
13310
13310
13975
13642
13310
13309
13310
13310
13642
13310
13643
13310
13310
13643
13643
13642
13310
13310
13643
13643
13643
13310
13643
13310
13643
12977
13310
13643
13643
13310
13643
13643
13643
13310
13309
13310
13310
12977
13310
13643
13310
13310
13310
13310
13310
13642
13310
13310
13310
13310
13310
13643
13310
13310
12978
13310
13310
13310
13310
13310
12977
13310
13310
12978
13310
14309
12977
13310
13310
13310
12977
12978
13310
13310
13310
12977
12977
13310
13310
12977
13310
12977
14308
13310
12977
12978
13310
13310
13310
12977
13309
12644
12977
13309
12977
13310
13310
13310
13310
13643
13310
13310
13310
12977
13310
12977
13310
12977
14641
13310
12977
12977
12978
12977
14641
13310
12645
13310
12977
12977
12977
12977
13310
13310
12977
12977
13310
12978
12977
12644
12978
12977
16304
12978
13310
12977
13310
12977
12977
12978
12644
12977
12644
12645
12644
12644
12978
12977
12978
14974
13643
12978
12977
12977
12978
12977
12978
12977
12977
12977
12977
12977
12977
12978
12644
12977
12644
13975
12977
12645
12644
17303
18301
17968
17968
18301
17968
18301
18634
19965
17968
18301
17303
13976
15971
15639
23958
16304
18967
17635
18634
13642
12977
12644
12977
12644
14974
18966
18634
18634
16637
16970
18301
17969
15639
16970
15639
15639
15972
16971
14973
16970
17303
17303
16637
18301
15972
18634
15639
16637
17968
17968
17303
18634
17969
14974
15640
16970
16305
15972
15972
16304
15639
16304
15972
15639
16970
16304
15972
18967
18634
16637
16305
16304
17636
16637
16305
16638
16304
16637
16305
15971
15972
15972
15972
15972
16970
16970
15972
15972
15972
15972
15639
17968
15972
15639
16970
15639
15639
15639
15972
16637
16304
16638
17303
18634
17636
16305
15972
17303
16637
15639
16970
15972
16637
16305
17635
16304
16638
16305
15972
15639
15306
15972
15639
16305
14974
16304
16305
15306
17969
17303
15972
16970
17968
17636
17968
18301
17969
18634
14974
13643
15972
12645
11979
11979
11979
11979
11979
11646
11646
11979
11979
14974
14641
13976
11979
11979
11647
12311
11979
11979
11646
11979
12312
12311
11646
11979
12311
11979
12312
15306
12312
14641
11979
11979
11978
11979
11979
11978
11979
11979
11978
11979
11979
11979
11979
15972
12312
11646
13975
12311
11646
11647
11979
11979
11979
11646
11646
11979
11979
11646
11646
11979
11979
11647
11646
11646
11979
11646
11647
11979
11646
11646
11646
11647
11646
11646
11647
11979
11647
11646
11646
11979
11646
11646
12977
11979
11646
11647
11647
11313
11979
11646
14974
14641
12312
11647
11979
11646
11979
11979
11646
11646
11647
11979
228266
17635
16305
14641
16970
15972
14973
13975
14309
12312
11313
11646
11646
11646
11647
11646
11646
11647
11646
11314
11646
14641
11979
11314
11314
11646
11646
11647
11646
11646
11313
11314
11646
11313
11313
11314
11313
11646
11314
11314
12311
11647
11646
11313
11313
11313
11314
11314
11646
11646
11647
11314
11646
11646
11313
11313
11313
11313
13643
14974
11979
11647
11313
11313
11314
13975
11314
11313
14308
11647
11646
11313
11313
11313
10981
11313
14309
11979
11313
10980
17969
14308
14974
15307
15307
14641
16637
15307
16305
15972
15972
15307
15972
15307
15639
15307
15639
16305
15972
17636
15639
15972
15639
14309
15306
15972
15972
14641
14641
16637
14973
15639
15972
15639
15639
15639
15972
15639
15972
15639
15972
16304
15639
15972
16304
15972
15639
15972
16304
15639
15639
15640
15972
15972
16970
16305
15972
15639
15971
15639
15639
15639
15972
15640
15639
15639
15306
15640
15307
15972
15972
15639
15639
15972
15972
15640
15972
17303
15972
15306
15972
15972
15640
15306
14641
15640
15307
15639
15639
22294
15639
15639
15306
15972
15639
15640
15972
15972
15639
15307
14974
16304
15639
15639
15972
15640
15640
15639
15972
14973
15306
15306
14974
14973
15307
14974
15639
14974
14974
15306
15306
14641
13310
13643
13976
14641
15306
14641
14974
15306
15307
14974
14974
14973
14641
14640
14974
13975
13976
13975
14641
14308
15306
14308
14308
13310
13642
13975
13975
14308
14309
14974
13975
14308
13642
14973
11313
10981
10648
10648
10648
10980
10648
12977
10981
10648
10981
13975
16638
12312
19965
14974
13310
13976
14640
13643
13975
15306
15306
13975
14308
15307
13310
13975
11979
10981
10648
11979
13976
10980
10648
10648
10648
10648
10316
10315
10315
10980
10648
10648
10648
10315
10315
10315
10648
10315
10648
10648
10648
10648
10315
10316
10648
10315
10315
10316
10315
10648
10648
10315
10315
10648
10315
10648
10315
12645
11314
10315
10315
10316
10648
9982
10315
13643
10980
10315
10315
10315
10315
9983
10315
10316
10315
10315
14641
10981
10315
10315
10315
10315
10648
10315
10315
10648
10980
14308
14308
14641
10648
10315
12977
13310
12644
13642
14641
13643
16305
35271
13310
22295
15972
17303
30945
13310
13976
13643
12645
10981
10315
10316
10648
10315
9983
9982
9982
9982
11314
9982
9982
10316
9982
10315
9982
9982
10315
9983
10316
9983
10315
9982
9982
9982
11979
12978
12977
18967
16638
16304
14308
13310
13975
12978
12644
12312
12644
12644
12978
14641
12645
12312
12977
12978
13310
13310
13310
13310
12977
13310
13310
14309
14641
13310
13643
13310
13310
13643
10648
10315
9983
9982
45253
10315
11979
12644
10648
9982
10315
9650
9982
9983
9983
9983
9983
9983
9983
9650
9983
9650
9650
9649
9983
12311
11979
12312
12977
12311
10315
9982
9650
9982
9650
9649
9983
9650
12312
9982
9983
9650
10648
9649
9982
9982
9982
9982
9650
9650
9649
9650
9650
9650
9983
9317
9650
9650
9983
9650
9650
9650
13310
9650
9982
9983
9983
9650
9649
9650
9317
9317
9317
9317
9649
9650
9650
9649
9650
9317
9649
9983
9650
12644
9982
9983
9649
9650
9983
9317
9983
9317
9650
9650
9650
9317
9650
9650
9650
9317
9650
11647
9982
9650
9317
9650
9650
9317
9649
9650
9649
9650
9649
9317
9650
9317
9650
9317
9650
9317
9649
39930
27618
25955
10315
9650
37268
36935
9983
9649
10981
13976
13643
13310
12311
12312
12978
13975
12977
12312
14308
13976
12644
12977
13976
14309
13643
13643
13310
13643
13310
13310
13643
13310
13975
13310
17635
13310
13310
13310
13310
13310
13642
13310
13643
13310
13310
12644
13643
13310
13643
13310
13643
13643
13310
12978
13642
13310
13309
13310
68546
12644
12977
12312
11979
11979
12311
11979
9649
9650
8984
8985
8985
9317
9317
9317
8985
10648
8984
8984
8984
9317
9317
8984
9317
8985
8984
8984
9317
9317
8984
8984
8984
9317
8985
8984
8984
8984
10981
9317
9317
8984
32277
13310
13310
12645
12645
12312
13310
13310
12977
12977
13310
12978
13310
12978
12977
12312
11979
12644
12977
11979
11647
11979
13642
12644
13310
12977
12978
12977
12977
12977
12978
13310
12977
12977
14973
13643
13310
13310
13310
13310
12645
13310
13310
12977
13310
12977
13310
13643
13310
13310
13310
12978
13310
12644
12977
13310
12977
12977
12977
14641
12977
13309
12645
12977
12977
12977
12978
12977
12977
13310
12644
12977
13310
13310
12645
13310
12977
12977
12977
12977
12645
12977
12644
13310
14641
12977
12644
12977
12645
12977
12312
13310
12645
12977
12645
11979
13310
11979
12977
11979
12977
12312
12644
12645
12644
12312
12312
12312
12645
12311
12645
12312
12978
12645
12644
11979
12312
12644
10648
11646
11979
11313
10648
10981
10981
8984
8319
9317
8318
8651
8319
8319
8651
8319
8318
8652
8651
8651
8319
8652
8319
8318
9650
8652
8652
8652
8319
8652
8651
8319
8318
8652
8651
8651
7986
8318
8319
8651
8319
7986
8319
10981
11979
8652
8652
8319
7986
8318
8319
8318
8319
8319
8318
8318
8319
7986
8319
8319
7986
8319
7986
8319
7986
7986
8984
8318
7986
7986
8318
8319
7986
8319
7986
8319
10981
9317
8319
13975
9650
11979
11314
11314
8319
8319
8318
8319
7986
12312
11313
11646
11646
12311
10316
8651
7986
7986
8319
7986
7986
11646
11314
11313
11313
9983
8319
8319
7986
7986
7986
7986
7986
7986
7986
7986
10648
11979
11647
8319
7986
7986
7986
7986
7986
7986
7986
8319
7986
7986
7986
7986
8651
8319
7986
8319
7986
7654
7653
8652
8319
7986
7986
7986
7986
8319
8319
7986
7986
7986
7653
7653
7653
7653
7653
7653
7986
7986
10316
10648
10980
11313
12977
12311
9982
10648
10981
11647
9983
10648
9982
9983
9983
12311
10315
9983
10315
10648
10315
9317
9982
10315
10648
10315
10981
10648
10981
12312
10315
9983
10315
10981
8319
7986
7986
7986
7986
7986
7986
7986
7653
7986
7986
7653
7654
7986
7653
7654
7653
11313
10981
10648
7986
7986
7320
7986
7320
7654
7653
7653
7320
7653
7653
7986
7653
9317
7653
7986
7653
7653
7986
7653
7320
7321
7653
7653
9317
8651
7986
7653
8651
11314
10315
10316
10648
9983
9983
9982
9650
9983
9650
7986
7320
7654
7321
7653
7653
7321
7653
9982
7986
28284
10981
9982
9649
9983
9317
7986
7321
7321
7320
7320
7321
7320
7321
7653
7320
7321
7321
7653
6987
7653
9650
9982
9650
9982
11313
12644
1352625
13310
10648
11313
9983
10315
10315
10648
9983
10648
10980
10648
10315
10648
9983
314115
18302
9983
10315
9317
10981
10648
9982
9983
9317
9983
9982
9650
9649
367355
13310
10316
9983
9983
9982
10981
10315
10981
10315
10980
10316
10981
10315
12645
9982
10315
10315
9983
9983
9650
9317
9650
9317
9317
9317
9649
8984
9982
11314
9317
9650
9317
9983
9649
9650
10315
9317
9317
9317
9982
10981
10648
9982
9650
47916
10648
9317
9317
9650
9317
8984
8984
9649
9317
7320
6987
6988
6987
8319
7321
6987
6988
6988
6988
6655
6655
6988
7321
6655
6655
6655
6988
6988
6987
6988
6988
6988
6988
6655
6988
6655
9317
7320
7320
6988
7320
6655
6655
6655
6987
6655
6987
6988
6988
6655
6988
6655
6987
6987
6655
6655
6655
6655
6988
22960
7320
6987
6655
6655
6988
6655
6655
6655
6655
6655
6655
6655
6655
6655
6655
6655
6655
6323
6988
6988
6655
7653
7653
6988
6988
6322
32942
9650
7653
8652
11313
8984
6988
6655
6655
6655
6655
8984
9650
7321
6655
6655
6655
6323
6655
6655
6655
6655
6655
6322
6655
8319
8984
8652
8651
8652
10648
8652
8984
9316
8984
8651
8985
6988
6655
6323
6322
6322
6322
6322
6322
6322
6323
6322
6322
6323
6655
6322
6655
6322
6655
6322
6655
6323
6655
6322
6322
6322
6655
6322
6322
6655
6655
6323
6322
6322
6655
6323
6323
7320
6655
6655
6322
6322
6655
6322
6655
6322
6655
8651
6988
6655
6323
6322
6322
6322
6322
5990
6322
6323
6322
5990
5990
6322
6322
5990
6322
6323
6322
5990
5989
6322
6323
5989
6322
5989
6322
5990
5989
5989
6322
5989
6322
6322
5989
5989
6322
5989
5989
5990
6322
5990
5990
5989
5989
5989
5990
5989
6323
5989
5990
5989
5990
5989
5989
5657
5989
5989
5990
5989
5989
7320
5990
5989
6323
6322
6322
5989
6322
6322
5990
5989
5989
6322
6322
5657
5990
6322
5990
5989
5990
5657
5990
5657
5989
5990
7986
6323
5990
5989
6322
5990
5989
5989
6322
5657
5990
5657
5990
5657
5989
5990
6322
5990
5989
5656
5990
5657
5990
5989
5989
5657
5990
5990
5989
5657
5990
5989
5990
5656
5989
5657
5990
7986
5657
5989
5990
5657
5989
5657
5990
5989
5990
5656
5990
5657
5657
5657
5657
5324
5990
5657
5989
5656
5989
5657
5657
5657
5657
5657
5656
5324
5657
5657
5656
5324
5656
5657
6988
5656
5656
26287
12311
5989
5990
5989
5990
5656
5657
5657
5657
5657
5657
5990
5656
5990
5657
5990
5657
5656
5657
5657
5657
5657
5990
9650
5989
5657
5657
5657
5657
5657
5657
5324
5324
5656
5657
5657
5324
5657
5657
5657
5657
5657
5657
5657
5324
5656
8319
8319
5657
5657
5657
5657
5657
5657
5324
5656
5657
5657
5657
5324
5657
5324
5657
5657
5324
5324
5656
5324
5324
5656
5324
5656
5656
5657
5324
5324
5324
5324
5657
5657
5657
5324
5657
5324
5657
5657
5324
5324
5324
5324
5324
7653
10316
5657
5324
5324
5324
5324
5324
5324
5324
5324
5324
5657
5324
5324
5324
5324
5324
5324
5657
5324
5324
5324
4991
6655
5323
5324
5324
5990
5657
5324
5324
5324
4991
4991
5324
5324
5324
5324
4991
5324
4991
5324
5324
5657
5324
5324
5324
5324
4991
5323
5324
5324
5324
5324
4991
5324
5324
4991
4991
5324
5324
5324
5323
5324
5324
5324
5324
4992
4991
5324
4992
5324
4991
5990
7986
7320
5656
5324
8319
7986
5657
5324
4991
6322
6988
7653
7653
5324
4991
4991
5324
5324
6988
5324
4991
4991
4991
7321
6655
7653
6655
7653
12312
158721
8652
7986
7321
6655
6987
5657
4991
4992
4659
4991
5657
4992
5324
6654
5657
4991
5324
4991
4991
4991
5324
4992
4991
4991
4991
4991
4991
4992
4991
4658
4991
4991
4992
4991
4991
4991
4992
4991
4991
4991
4992
4991
4991
4991
4659
4991
4658
4992
5990
4991
4992
4991
4991
4659
4659
4991
4659
4659
4658
4658
4658
4659
4991
4658
4658
4659
4658
4658
4659
12644
6323
6655
6655
6322
6655
6655
6322
6988
6655
5657
4658
4658
4658
4659
4659
4658
4658
4992
7986
4659
4659
4658
4658
4326
4326
4659
4659
6322
6655
6655
7653
7653
6655
6655
6988
7654
6322
6322
6988
5990
5989
6322
7320
6655
4991
4326
4659
4326
4658
4325
4659
4659
4326
4325
4658
4326
4991
4658
4991
4326
4658
4659
4326
4658
4325
4326
4326
4326
4326
4658
4658
4325
4659
4326
4326
4326
4325
4325
4325
4658
4658
4326
4326
4326
4326
4658
4659
4326
4326
4326
4326
4326
3993
4326
4326
3993
4326
4326
3993
4326
4326
3993
3993
4325
4325
4325
3993
4325
4991
4325
4325
4326
4326
4326
4326
4326
4326
4326
4326
3993
4325
4326
4325
3993
4326
3993
4326
3993
3993
3993
3993
4326
3993
3993
4326
3993
3993
4326
4326
3993
4326
4326
4325
3992
3993
4326
3993
3993
3993
3993
3993
3993
4326
4326
4325
4326
3993
3993
3993
3993
3993
4326
4326
6988
4326
3993
3993
3993
3993
3993
3993
3993
3993
3993
3993
3993
4326
3661
3993
3993
3993
3661
3993
3993
3993
3660
4325
3993
3993
3993
3993
3993
3993
3993
3993
3993
3993
3993
3993
3993
3660
3661
3993
3660
3993
3660
3660
3993
3660
3660
3993
3660
3992
4991
3993
3993
4325
3993
3993
3661
3993
3993
3993
3660
3661
3660
3660
3661
3660
3661
3660
3660
3660
3993
3993
3660
3660
3993
3660
3661
3660
3661
3993
3661
3660
3660
3660
3660
3993
3660
3660
3660
3328
3660
3660
3660
3328
3660
3660
3661
3660
3661
3660
3661
3660
3327
3660
3660
3660
3660
3661
3660
3661
3660
3660
3327
3661
3660
3660
3660
3661
3327
3327
3661
3660
3660
3660
3328
3660
3660
3660
3328
3328
3328
3328
2995
3328
3327
3328
3328
3660
3327
3328
2995
3993
2995
3328
3328
3327
2994
3327
3328
3661
2994
2995
3328
3328
2995
3328
3328
3328
2662
2994
3327
3660
3993
3328
3328
3328
2662
2995
3327
2995
2994
2995
2995
3328
2995
2995
2995
3328
2995
2994
2995
3328
2662
2662
2994
2995
2662
2994
3327
2994
2662
2994
2995
2995
2995
2995
2995
3328
2662
2995
2995
2995
2662
2995
2995
2995
2662
2994
2995
3327
2662
2662
3327
2994
2662
2995
2995
2662
2662
2662
3328
2995
2662
2662
2994
4659
4325
3993
3328
2995
2662
2662
3327
3327
2662
2662
2994
2994
2662
2662
2995
2994
2661
2995
2662
2662
2662
2662
2995
2994
2662
2662
2994
2662
2330
2662
2662
2662
2662
2662
2662
2662
2662
2662
2662
2995
2662
2662
2662
2662
2662
2662
2662
2662
2662
2662
2662
2662
2662
2662
2662
2662
2662
2662
2662
2662
2662
2662
2662
2662
2662
2662
2662
2329
2329
2662
2329
2662
2662
2662
2329
2662
2329
2662
2662
2662
2662
2662
2662
2662
2662
2329
2662
2662
2329
2662
2662
2329
2662
2662
2330
2329
2329
2662
2329
2662
2329
2662
2329
2329
2330
2662
2329
2330
2329
2330
2662
2329
2662
2329
2329
2662
2330
2329
2329
2329
2329
2330
2329
2329
2329
2329
2329
2330
2329
2330
2329
2329
2330
2329
2330
2329
2329
2662
1997
1997
2330
2329
2329
2329
2662
3660
2662
1997
2329
2329
1997
2330
1997
1996
2329
1997
2330
1997
2329
2329
1996
1996
2329
2330
2330
2329
2329
1996
2329
1997
2329
1996
2329
1997
1997
1997
2329
1996
2329
1997
1997
1996
1996
1997
1997
2330
1997
1996
2329
1996
2329
1997
2330
1997
1997
1997
1997
2329
1664
1997
1997
2329
1996
1996
1996
1996
1996
1996
1996
1996
1996
1996
1996
1996
1996
1996
1996
1996
1664
1664
1996
1996
1663
1996
1996
2329
4991
1664
1997
1664
1997
1997
1664
1997
1664
1664
1664
1663
1331
1663
1996
1664
1331
1664
1997
