3327
3328
1331
1664
1997
1331
998
1663
1331
1663
1664
1664
1664
1664
1997
1996
1997
1997
1996
1996
1997
1996
1664
1997
1664
2330
14641
1664
1997
1996
1996
1996
1996
1996
1997
1996
1997
1996
1997
1996
1997
1996
1996
2330
1996
1996
1997
1663
2329
2329
2330
1996
1996
1996
1663
1996
1664
1996
2329
1996
1997
2329
1997
1996
2329
1996
2329
2329
1997
1996
1997
1996
1997
2329
2329
1997
2329
1997
1996
2329
2329
2329
2329
2329
2329
1996
2329
2329
2329
1997
2329
1997
2329
2329
2329
2329
2329
3328
2662
1997
1997
1996
1996
1664
1664
1996
1997
1997
2329
2330
1996
1996
1997
1996
1996
1997
1996
1997
1997
1997
1996
1997
1997
2330
2662
1996
2330
1997
1996
2329
1996
2329
2329
1997
1997
1996
1997
21296
1996
2329
1996
1997
1997
2329
1997
1997
1996
1996
1997
1997
1996
28949
2330
1997
1997
2329
1997
2329
2329
1996
1997
2329
1996
2329
2330
2330
2329
1997
1996
2330
1997
2329
1997
2330
2329
2329
1997
2329
2329
2329
2662
2329
1997
1997
2329
2329
1997
2330
2330
1996
2329
2329
1997
2329
2329
1996
2329
2329
2329
2330
2329
2329
2329
2329
2330
1997
2329
2329
2330
2329
2330
2329
1996
2329
2662
2329
2330
2330
2329
2330
2662
2662
2329
2330
3328
3327
2662
2330
2330
2330
2662
2662
2329
2662
2330
2330
2329
2329
2329
2329
2330
2329
2329
2329
2662
2329
2662
2329
2329
2329
2662
2662
2329
2329
2329
2329
2662
2662
2662
2662
2662
2330
2330
2662
2662
2662
2662
2662
2329
2662
2662
2662
2662
2329
2662
2329
2329
23958
3327
2995
2662
2662
2662
2995
2662
2662
2662
2662
2995
2994
2662
2994
2995
2662
2662
2662
35272
2662
2662
2995
2662
2994
2662
2995
2662
2662
2662
2662
2662
2995
2994
2995
2662
2995
2995
2662
2994
2662
2662
2662
2662
2662
2994
2995
2662
2662
2994
2662
2662
2662
2662
2995
2662
2662
2995
2995
2994
2994
2995
2662
2662
2994
2995
2994
2662
2994
2995
2995
2995
2995
3328
2995
2995
2995
2994
2995
2994
2995
2994
2995
2994
2994
2995
2995
2662
2994
2995
2994
2995
2995
3327
2995
2995
2995
2995
2995
2994
3327
2995
2995
2995
2994
2995
2995
2995
3328
2995
2994
3328
2995
3328
3328
2994
2995
3327
3328
2995
2995
2995
2995
2994
3328
2994
3328
2995
2995
2995
2995
2994
3328
3327
3327
3328
3328
3328
2994
2995
2995
34273
3327
2994
3328
3328
3327
2995
3327
3328
2994
3328
3328
3327
5657
2994
2995
2995
3327
3327
2995
3327
3328
2995
3327
3328
3327
3327
3328
3327
3327
3328
3327
3327
3661
3327
3327
3328
3327
3327
3327
3328
3660
3327
3327
3328
3328
3327
3327
3328
3327
3328
3328
3327
3327
37268
3660
3660
3327
3327
3660
3661
3327
3327
3660
3328
3328
3660
3327
3661
3661
3660
3327
3660
3328
3327
3661
3327
3660
37268
3660
3661
3328
3327
3660
3327
3660
3328
3661
3328
3327
3660
3660
3660
11979
3993
3660
3660
3660
3660
3328
3660
3327
3660
3661
3327
3660
3660
3661
3328
3660
3660
3993
3993
5324
5324
39264
4326
3993
3660
3661
3661
3661
3993
4659
4991
44255
7320
5657
5324
5324
5657
5324
4991
5324
5657
5324
5324
4991
5324
10981
5657
6322
5656
5324
5324
4992
5656
5324
5324
5657
4992
5657
5324
5324
5657
3992
3993
3660
3993
3993
3660
3660
3992
3660
4326
3993
3993
3660
3993
5990
5657
5324
5657
4326
4992
6988
5657
5324
5324
5656
6988
21296
5989
4326
3993
3993
3993
6322
3993
3993
3993
3993
10648
4326
4325
3993
3993
3993
3993
4326
3993
3993
4325
3993
3993
24956
4326
3993
3993
3993
4326
3993
4326
3993
4325
3993
3993
3993
4326
3993
4326
3993
3993
4326
3993
4326
3993
4326
4326
4325
4991
4326
4326
3993
4325
3993
4325
3993
3993
4326
4326
3993
3993
4326
3993
3993
4325
3993
3993
4326
4326
4326
4326
4326
3993
3993
4326
3993
3993
3992
4326
4326
4325
7321
4658
4326
4326
4325
4326
4325
3993
4325
4326
4325
4326
4325
4326
4326
4325
4326
4326
4326
3993
4325
4325
4326
4326
4659
4325
4326
4326
4326
4326
4326
4326
4658
4658
4658
4326
4658
6655
4658
4326
4326
4659
4325
4658
4658
4659
4659
4326
4325
4325
4658
4658
4658
4326
4659
4326
4658
4659
4659
4659
4326
4325
4325
4659
4659
4326
4659
4659
4991
4659
4658
4658
4325
10647
4658
4659
4658
4658
4659
4659
4659
4658
4658
4325
4659
4659
4992
4659
4659
4659
4658
4658
4658
4658
4659
4659
4659
4659
4659
4658
4658
4326
4658
4658
36269
4658
4659
4659
4659
6988
4659
4991
4659
4659
4658
4658
4991
4658
4658
4659
4659
4992
4991
4991
4991
4991
4659
4658
4991
4658
4658
4658
4991
4658
4659
4659
4992
4991
4658
4658
4992
4991
4658
4658
4658
13642
4991
4658
4659
4992
4658
4658
4658
4658
4991
4991
4991
4991
4992
4991
4991
4991
4991
4658
4991
4991
4992
4992
4992
4991
4991
23625
5324
4992
4991
36603
5324
4991
5324
4992
5656
4991
5324
4992
5324
4991
4992
4991
4991
4991
5324
4992
33608
5324
5324
4991
5324
4991
4991
4992
4991
4991
4992
5324
4991
4991
4991
5324
5324
5324
5324
5324
5324
5324
4991
4991
10315
5324
4991
5324
4992
5324
5324
5324
4991
4991
5324
4991
5324
5324
4991
4991
4991
5324
5324
5324
5324
4991
5324
5324
5324
5324
5324
5324
5324
5324
5324
6988
5324
5324
5324
5324
7653
5656
5324
6988
5324
5324
5324
5324
5323
5324
6988
5657
5324
5324
5324
5324
5324
5657
5324
5324
5657
5657
5324
5324
5324
5324
5324
35937
5657
5657
5324
5324
5989
5324
5657
5656
5324
5657
5657
5324
5324
5657
6322
6988
6323
5657
5989
5656
6655
5989
5324
5657
5324
5324
5657
5324
5657
5324
7653
5989
5657
5657
5657
5657
5656
5324
5657
5656
5657
5656
5656
5657
5657
5656
5657
5657
5990
5657
5657
5990
5657
5657
5657
5656
5324
5657
5324
5657
5657
5656
5657
5657
5657
35604
5657
5656
5656
5657
5656
5656
5657
5656
5656
5657
5657
5657
5657
5657
5657
5656
5990
5657
5989
5657
5656
5989
5656
5989
5657
5657
5657
5657
5657
5990
5657
5656
5657
6322
5990
5989
5657
5990
6988
5657
5990
5657
5989
5989
5657
5657
5657
5656
5657
5990
29947
6322
5989
5990
5989
5989
5989
5657
5989
5989
5990
5989
5656
5657
5990
5990
5989
38266
7986
8318
8319
7986
8652
7986
8652
7986
7986
7986
7653
7986
7654
7986
7986
7986
8651
8319
8652
8319
8319
8651
6988
6322
5990
6322
6322
5990
6322
5990
5989
6322
5989
36269
6655
5990
5990
5990
5989
5990
6323
5989
5990
5989
5990
5989
6322
5989
108143
6655
6322
6322
6655
6322
5990
6322
5990
6322
6322
6323
5989
6322
6322
6322
6322
6322
6323
5989
6322
5989
6322
6322
6322
6322
6322
6322
5989
6322
6322
6655
5990
37600
6322
5990
6322
13976
6655
6322
6323
6322
6322
6322
6322
6323
6322
6322
6322
6655
6323
6322
25622
6987
6322
6323
6322
6655
6322
6655
6323
6322
6655
6655
6322
6655
6655
6322
6655
6655
8984
6655
6323
6655
6655
6655
6655
6655
6655
6322
6655
6322
7653
6655
6655
6655
6655
6655
6655
6655
6322
6322
6322
6655
6322
6322
6322
6323
6655
39264
6987
6655
6655
11646
7320
6655
6655
8984
9650
9317
6988
14974
10648
8984
10648
9317
7653
6655
6655
6655
6655
6655
6655
6655
6655
8318
6655
6655
6655
6655
6655
6655
6655
6655
6655
6655
6655
6655
6655
6655
6655
6655
6655
6655
6655
6655
6987
6655
6655
6655
6655
6655
6655
6655
6655
6655
6655
6655
6987
6655
6655
6655
6655
6655
6655
6988
6655
6655
6655
6987
6988
6655
6655
6655
6655
6655
6655
6655
6655
6987
6655
6655
6655
6988
6987
6987
6655
6988
6988
6655
6655
6655
6988
6988
6988
6988
6655
6988
6988
6988
6988
6988
6988
6988
6655
6987
6987
6988
6655
6988
6655
6987
6987
6988
6988
6988
6988
7653
6988
6988
6988
6988
7320
6987
6987
6988
6987
6988
6655
6988
7321
6988
6988
6988
6988
6988
6988
7321
6987
6987
6987
6987
6988
7320
6988
6988
6988
6988
6988
6988
6988
6988
6988
7321
7321
6988
6988
6988
7321
7321
6988
6655
6988
7320
6987
6988
7321
7321
6988
6988
7321
7320
6988
7320
6988
7321
7321
7321
6988
7321
7320
7320
6987
7321
7321
7320
7321
6987
7321
7320
7320
6988
7321
6987
7320
7321
7321
7320
7321
7320
7321
7320
7320
7321
7321
7321
7321
7320
7320
7321
7321
7320
7320
7321
7321
7321
7320
7321
7653
7321
7986
7321
7320
7320
7321
7321
7320
7653
7321
7321
7320
7320
7320
7321
7321
7653
7321
7320
7321
7320
7653
7653
7321
7321
7320
7653
7321
7653
7654
7321
7320
7654
7653
7653
7653
7653
7654
7654
7653
7653
7653
7653
7653
7654
7653
7653
7321
7653
7653
7321
7321
7653
7653
7653
7654
7653
7653
7320
7653
7653
7653
7653
7653
7653
7653
7654
7653
7653
7654
7986
7986
7653
7654
7986
7654
7653
7654
7653
7986
7653
7653
7653
7986
7654
7653
7654
7653
7653
7653
7653
7653
7653
7986
7654
7653
7986
7653
7653
7986
7986
7986
7986
7653
8984
7986
7986
7986
7986
7986
7653
7654
7653
7986
7653
7986
7986
7653
7653
7986
7654
7986
7986
7986
7986
7986
7986
7986
7653
8984
7986
7986
7653
7986
7986
7653
7986
7986
7986
7986
7986
7986
7986
7986
7986
7653
7654
7986
7986
7986
7986
7986
7986
7986
7986
7986
7986
7986
7986
7986
7986
7986
7986
7986
7986
7986
8319
7986
7986
7986
7986
8318
7986
9317
7986
8319
7986
7986
7986
7986
7986
8319
7986
8318
7986
7986
7986
7986
7986
8319
7986
8319
8319
7986
8319
7986
8319
7985
7986
8318
8319
7986
7986
7986
8319
8319
8319
8318
8652
9983
8318
7986
8318
8318
10981
8651
8319
8319
8318
8319
7986
8319
8318
8318
8319
8319
7986
7986
8319
8319
8318
8319
7986
8318
8319
8319
8319
8319
8319
8319
8319
9650
8319
8318
8319
8319
8318
8319
8319
8318
8318
8319
8319
8319
8318
8319
8319
8651
8318
8651
8319
8652
8319
8651
8318
8319
8319
8319
8651
8319
8652
8319
8651
8651
8319
8652
8319
8651
8319
8319
8652
8652
8319
8319
8318
8651
8651
8651
8651
8318
8651
8319
8319
8651
8651
8652
8319
8652
8319
8652
8652
8652
8652
8652
8652
8652
8319
8652
8652
8652
15306
8985
8652
8651
8319
8652
8651
8651
8651
8652
8652
8652
8652
8651
8652
8651
9982
8652
8651
8319
8652
8652
8652
8651
8652
8651
8984
8652
8652
8651
8652
8652
8651
9982
8985
8651
8651
8651
8985
8652
8651
8652
8652
8651
8652
8984
8651
8985
8652
8651
9983
8652
8652
8652
8652
8984
8652
8984
8985
8984
8984
8985
8651
8651
8984
8984
8652
8984
8984
8984
8651
8984
8984
8984
8984
8984
8984
8984
8652
8984
8984
8985
8984
8984
8651
8984
8984
8984
8651
8984
8985
8984
8984
8984
8985
8984
8984
8985
8984
8984
10315
8984
8984
8651
8652
8984
23625
9983
9317
9317
8984
8984
9317
9317
8984
8984
8985
9317
8984
9317
9317
8985
8984
8984
9317
8984
9317
9317
9317
8984
8984
9317
9317
10648
9317
8984
8985
8985
8984
9317
9317
9317
9317
8984
9317
9317
9317
9317
9317
8984
9317
9317
8984
9317
8984
8984
9317
12645
9650
9317
9317
9317
9317
9317
9317
9317
9317
9317
9317
9317
9317
9317
9317
9316
9317
9317
9317
9650
9649
9650
9317
9316
9317
9649
9317
9317
9317
9317
9317
9317
9317
9317
9317
9317
9317
9317
9317
9317
10980
9650
9317
9317
9317
9650
9317
9650
9317
9650
9650
9317
9649
9650
9317
9650
9649
9650
9650
9650
9650
9317
9650
9317
9650
9317
9650
9650
9650
9650
