2329
1664
1331
1664
1663
5324
1331
1664
2329
1996
1997
1996
2329
1664
1997
1997
1996
1996
1996
1997
1664
1996
1997
1996
1663
1996
1997
2330
1996
1997
1997
1997
1996
2329
1997
1996
1997
1997
1996
1996
2329
1997
1997
1663
2329
1996
2329
1996
2329
1997
2329
2330
2329
1997
2329
2329
2329
2330
2329
1997
2330
1996
2329
2329
1997
2329
1997
2330
1997
2329
1996
1997
2329
2330
1997
1997
2330
2329
2329
3660
2329
2329
1997
1997
2329
2329
2329
2329
2330
2329
2330
2329
2329
2330
2329
2329
2329
2329
5324
2662
4658
2995
4326
3660
3328
3327
3327
2995
3993
2329
1997
1996
1997
1996
1996
1997
4326
2329
2662
1996
1997
2995
3327
2329
2329
2995
2662
3327
2662
1997
2330
1997
2330
3327
2330
2995
2330
2330
1996
2329
1997
2329
1996
1997
1996
1996
2329
1996
1997
1996
1997
1996
1997
1997
2662
2662
2329
2330
2329
2329
1997
1996
2329
2329
1996
1997
2329
1996
2329
2329
2329
2330
2329
1997
1996
2329
2329
2329
2330
2329
2329
2329
2329
2329
2329
2329
2330
2329
2329
2329
2329
2329
2329
2329
2329
2330
2329
2995
19300
2329
2330
2662
2329
2329
2329
2330
2330
2329
2330
2329
2329
2330
1996
2329
2330
2329
2329
2330
2662
2329
2330
2330
2329
2329
2662
2662
2662
2662
2329
2329
2662
2662
2662
2662
2662
2662
2329
2662
2662
2329
2329
2995
2662
2662
2329
2329
2662
2329
2662
2662
2329
2662
2329
2662
2662
2662
2330
2662
2662
2329
2329
2662
2995
2662
2662
2662
2662
2662
2662
2329
2662
2330
2662
2330
2662
2662
2662
2662
2662
2662
2662
2330
3328
2995
2662
2662
2662
2662
2662
2662
2662
2662
2995
2662
2662
2662
2662
2662
2994
2662
2662
2662
2995
2994
2662
2662
2662
2995
2662
2662
2662
2662
2662
2662
2995
2662
2662
2662
2662
2662
2995
2995
27286
2994
2662
2995
2995
2662
2662
2662
2995
2995
2662
2662
2662
2662
2995
2662
2995
2995
2995
2995
32609
18967
2995
2995
2995
3327
2995
2995
3327
2995
2995
3327
2995
2994
2995
2995
2995
3328
2995
2994
3328
2994
2995
2995
2995
2995
2995
2995
2995
2995
2995
2995
2995
2995
2995
2995
2994
2995
3328
3328
3328
3328
2995
2995
3328
3328
2994
3328
2995
2995
3327
3328
2995
3327
3328
3327
3327
2995
2995
3327
3660
3327
2995
2995
3328
3327
3328
3327
3328
3328
2994
2995
3327
3327
3328
3327
3328
3327
3327
25622
3328
3327
3328
2994
3327
3328
3327
3328
3327
3328
3328
3327
3328
3328
3327
2995
3327
3327
3327
3328
3993
3328
3327
3661
3327
3660
3660
3660
3661
3328
3327
3328
3660
3327
3327
3328
3327
3660
3328
3327
3327
3328
3327
3328
3661
3327
3328
3660
3660
3328
3327
3327
3661
3327
3660
3328
3660
3327
55902
3660
3660
3660
3660
3660
3660
3660
3661
3328
3993
3660
3660
3660
3661
3328
3328
3328
3660
3660
