2995
2329
998
1996
2329
1664
1331
1331
998
1663
1664
1663
1996
1663
1664
1996
1997
1664
1997
1663
1997
1664
1664
1996
1664
16638
1331
1997
2995
2330
1996
1996
1997
1664
1997
1997
1997
1997
1997
1996
1996
1996
1997
2662
3660
2329
1997
1997
1997
1664
1997
1997
1997
1997
1996
1996
1997
1997
1997
1997
1996
1997
1997
1996
1996
2994
2662
1996
2330
1997
1996
1996
1996
2330
1996
1996
1997
1997
2329
2329
2329
1996
1997
1997
1996
1996
1996
1997
1996
2330
1997
1996
1996
2329
1996
2329
2330
6988
3328
2329
1663
1664
1996
1997
1996
1996
1997
1996
2995
2330
2329
1996
1996
1996
2329
2329
2329
2330
2329
1996
2329
1996
1997
2330
2329
1996
2329
2330
2329
2329
2329
2330
1996
2329
2329
2329
1997
1996
2329
1997
1996
2329
2330
1996
1996
2330
2329
2329
2329
1997
2329
1997
1997
2330
2329
3327
2329
1996
1997
2330
2329
2329
1996
2329
2329
2330
2329
2329
2329
2662
1997
2329
2330
2329
2329
2329
2329
2330
2662
2662
2329
2330
2329
2329
2662
2329
2329
2329
2330
2329
2329
2329
2329
2329
2329
2329
2330
2329
2329
2662
2330
2329
2662
2329
2662
2329
2329
2329
2662
2662
2330
2662
2329
2329
2329
2329
2662
2662
2329
2662
2330
2330
2662
2662
2662
2330
2662
2330
2662
2330
2329
2662
2662
2662
2662
2662
2662
2662
2662
2329
2662
2662
2329
2995
2662
2662
2662
2662
2329
2662
2662
2662
2662
2662
2662
2662
2662
2662
2662
2995
2662
2662
2662
2662
2662
2662
2662
2662
2662
2661
2995
2662
2662
2994
2994
2994
2662
2662
2662
2662
2995
2662
2662
2994
2662
2662
2995
2662
2995
2995
2662
4326
3328
2995
2995
3993
4658
3328
3328
2995
2995
2995
2995
2995
2662
2995
2995
2995
2662
2995
2995
2994
2995
2994
2995
2995
2995
2995
2994
2995
2995
2994
2995
2662
2995
2995
2995
2994
2995
3993
4325
3328
2994
2995
3328
2994
3327
2995
2995
2995
2994
2995
2995
3327
2995
2995
3327
2994
3328
2994
3327
2995
2995
3328
3327
3327
3328
3327
2995
2994
2995
2994
2995
3327
3328
2994
2994
3328
2994
2995
3327
3328
2995
3327
2994
2995
2994
3327
2995
3328
2995
3327
3328
3327
3327
2995
2994
3328
3328
2994
3328
3327
4326
3328
3327
3327
2995
3327
3328
3327
3328
3327
3327
3660
3328
3327
3328
3327
3328
3327
3327
3328
3328
3328
3328
3328
3327
3328
3661
3328
3328
3328
3328
3660
3661
3327
3327
3660
3327
3327
3328
3327
3328
3661
3327
3660
3327
3327
3327
3327
3660
3327
3660
3660
3660
3660
3660
3660
3327
3327
3660
3661
3661
3660
3327
4658
3328
3660
3660
3660
3660
3660
3328
3660
3328
3661
3660
3661
3661
3328
3661
3661
3328
3660
3660
3660
3993
3993
3660
3660
3328
3660
3660
3660
3660
3660
3660
3993
3327
3661
3661
3661
3660
3660
3661
3660
3661
3661
3660
3660
3660
3660
3660
3660
3660
3661
3661
3993
3660
3660
3660
3660
3993
3661
3993
3993
4991
4991
4659
3993
3660
3660
3660
3660
3661
3660
3660
3660
3661
3661
3993
33940
4326
3993
3660
3993
3660
3661
3993
3993
3660
3661
3993
3993
3661
3993
3993
3993
3660
3993
4326
4325
3993
3993
3993
3993
3993
3993
3660
3993
3993
3993
3993
3993
3993
3993
3993
3993
3993
32942
3993
3993
3993
3993
3993
3993
3993
3993
3993
3993
3993
3993
3993
4326
3993
3993
3993
3993
4326
4326
3993
3993
3993
3993
4325
3993
3993
3993
3993
3993
3993
4326
3993
4326
4326
3993
3993
5657
4326
4326
4326
3993
4326
3993
4326
3993
4325
4326
3993
3993
3993
3993
4326
3993
3993
4326
4326
3993
3993
3993
4325
3993
3993
3993
4326
3993
4326
3993
4326
4326
5324
6655
5656
5657
5990
6323
5657
5990
5657
6322
5657
5657
5657
5657
5989
5657
5324
5990
6323
5989
5989
6322
6655
5657
5990
5989
6655
5989
9317
5989
5657
6655
6322
5989
4659
6322
4659
4326
4326
4326
4659
5657
5657
4991
4659
4658
4325
4326
4658
4326
4659
4326
4658
4326
4658
6987
4659
5656
6322
4659
4991
4658
4659
4326
4658
6323
6322
4659
27618
4659
4326
4326
4658
4659
4326
4658
4659
4659
4658
4325
4659
4326
4326
4659
4659
4658
4658
26288
6655
4659
4325
4658
4659
4658
4658
4658
4658
4659
4659
4659
4326
4658
4325
4991
4659
4659
4992
4659
4658
4659
4659
4659
4659
4658
4658
4658
4659
4659
4658
4991
4658
4991
4658
4991
4992
36270
5324
4658
4992
4659
4991
4659
4991
4991
4991
4991
4659
4659
4658
4658
4659
4991
4658
4991
4658
4991
4991
4991
4658
4991
4991
4991
4659
4992
4992
4991
4991
4991
4658
4991
4991
33940
4991
4992
4991
4991
4991
4992
4991
4991
4991
4992
4992
4992
4991
4991
4658
4991
4991
28284
4991
4992
4991
4991
4658
4991
4992
4992
4991
4991
4991
4992
4992
4991
4991
5324
5323
4991
6654
5324
4992
5324
4991
4991
4991
4992
4992
5324
4991
4991
4991
4991
4992
5324
4991
4991
4991
5324
5324
5324
4991
4991
4991
5324
4991
5324
4991
5324
5324
4991
5324
4991
4991
4991
26620
6322
4992
5324
4992
5324
4991
5324
5324
5324
5324
5324
4991
5324
5324
5324
4991
5324
5324
5324
5324
4991
5324
4991
5657
4991
5324
5324
5324
5324
5324
5324
5324
5324
5324
5324
5324
6655
7321
5657
5324
5324
5657
5324
5324
5324
5324
5656
5324
5324
5324
5657
5656
5324
6323
5324
7986
8319
7654
6988
7320
6988
6655
7320
7321
7321
6988
7653
7321
7320
7321
7320
7653
7653
7320
7321
7654
7321
6987
8984
7320
6988
6987
7321
6988
6988
6655
6655
6655
7321
6988
6655
6988
6988
7653
7320
7320
6988
7653
6988
6988
6987
6987
7653
7321
7653
7320
7320
7653
7320
7321
7986
7986
7986
7986
7986
7986
7653
7986
7320
7986
7986
7986
7986
9317
8984
7986
8984
7986
9983
5989
5657
5657
5656
5657
5990
5657
5990
5990
5657
5657
5657
5657
5990
5657
5657
5657
5989
8318
5990
5657
5990
5990
5657
5990
5657
5657
5990
5989
5990
5657
5657
5989
5990
5989
5989
5657
5990
5989
5990
5990
5657
5657
5989
5990
5990
5989
5989
5657
5989
5990
5657
5657
5990
5990
5990
6322
6323
5990
5989
5989
5989
5990
5989
5990
5989
5989
7986
6322
5990
5990
5989
6322
5989
5990
5990
5989
5989
5989
5990
6323
6322
6322
6322
6322
5990
5990
6322
5990
5990
5989
7653
6322
5989
5989
6322
5990
6322
6322
5990
6322
6322
6322
6323
6322
5989
5989
6322
5990
5989
5990
6322
6322
6323
5989
5990
6323
6322
6322
6322
5989
5990
6323
6322
6322
5990
5990
5989
5989
6322
6322
6322
6322
6323
6322
5989
5990
6322
6322
6322
5989
5990
6322
5990
6322
6322
6322
6322
5990
6322
6323
6322
6322
6323
6322
6322
6322
6322
6322
6322
6322
6323
6322
6322
6322
7986
7653
6655
6655
6322
6322
6655
6322
6322
6322
6322
6322
6322
6322
6323
6655
6655
6322
6322
6322
6655
6655
6323
6655
6322
6655
6655
6322
6323
6655
6655
6322
6322
6655
8319
7320
6322
6322
6322
6322
6655
6655
6655
6655
6322
6655
6655
6322
6655
6655
6655
6322
6655
6655
6323
6655
6322
6655
6323
6322
6322
6655
6655
6322
6655
6655
6655
6655
6322
6655
6655
6655
6655
6322
6322
6322
6655
6655
6988
6655
6655
6655
6655
6655
6655
6654
6655
6655
6655
6655
6655
6655
6655
6655
6655
6655
6655
6655
6655
6988
6655
6655
6655
6988
6655
6988
6655
7986
6655
6988
6655
6655
6655
6655
6655
6655
6654
6655
6655
6654
6655
6655
6655
6988
6655
6987
6988
6987
6655
6655
6987
6987
6987
6988
6655
6988
6988
6988
6987
6655
6655
6988
6988
6655
9650
6987
6988
6988
6988
6987
6988
6655
6655
6988
6988
6987
6987
6988
6988
6988
6988
6988
6988
6988
6987
6988
6988
6988
6988
6988
6987
6655
6988
6988
6988
6988
6988
6988
6988
6988
6988
6988
7321
6988
6988
9317
8652
6988
9650
7320
8984
9982
10315
12312
7653
7654
7320
7321
7321
7321
6988
7321
6988
7320
6988
6987
6987
7320
6988
7321
7321
7320
6987
7320
7320
7320
7320
7321
6988
7321
7320
6988
7320
6988
6988
6988
7321
7321
7321
6988
7320
7320
6987
7320
7320
7320
7320
7320
7320
7320
7320
7320
7653
7653
7320
7320
7321
7321
7320
7320
7321
7321
7321
7321
7321
7653
7320
7653
7320
7321
7321
7320
7654
7321
7321
7321
7321
7321
7321
7321
7321
7321
7321
7321
7321
7653
7653
7321
7321
7653
7321
7653
7321
7320
7653
7653
7321
7653
7320
7653
7321
7986
7653
7321
7653
7653
7653
7320
7653
7320
7653
7321
7321
7653
7320
7653
7321
7321
7653
7320
7653
7320
7321
7653
7653
7321
7653
7653
7654
7654
7653
7654
7653
7653
7653
7654
7653
7653
7653
7653
7653
7653
7653
7654
7321
7653
7653
7653
7986
7653
7653
7654
7653
7653
7653
7653
7986
7654
7653
7986
7653
10315
7986
7653
7653
7986
7653
7986
7653
7653
7654
7653
7986
7654
7653
7653
8318
7986
7653
7986
7653
7986
7653
7654
7653
7653
7653
7986
7653
7986
7986
7986
7986
8984
7986
7653
8319
10648
9982
9982
9983
9650
9983
10316
10648
10981
10648
11314
8651
7986
11647
8984
10648
11646
11646
10648
10316
9982
10981
10648
11646
8319
8319
7986
7986
7986
10315
7986
7986
7986
7986
7986
7986
7986
7986
7986
7986
7985
7986
7986
7986
7986
7986
7653
7986
7986
7986
7986
7986
7986
7986
7986
7986
10648
8984
8319
7986
7986
7986
7986
9650
7986
7986
7986
7986
7986
7986
7986
8319
7986
7986
7986
8319
8319
7986
7986
8318
8319
13643
10648
11647
11979
12312
8652
8319
8319
8318
8318
8318
8319
8319
8318
8319
7986
8318
8319
8319
8319
42592
11979
12644
8652
8318
8319
8319
7986
8652
10648
12311
8319
8319
8318
11314
10981
11646
8651
8319
11979
8652
8651
8319
8319
8319
8319
8318
8318
8318
8319
8319
8319
8319
8319
8319
8652
8319
8319
8319
8319
8651
8319
8651
8319
8652
8318
8319
8651
8318
8319
8652
8319
8319
8319
8318
8318
8318
8319
8319
8652
8319
8319
8319
8319
8652
8652
8652
8652
12311
8985
8651
8318
8652
8652
8651
8318
8651
8319
8652
8651
8318
8319
8652
8651
10315
8651
8651
8651
8652
8652
8652
8652
8319
8319
8651
8651
8651
8652
8652
8652
8651
8651
9982
8651
8652
8651
8984
8651
8651
8652
8652
8984
8652
8651
8651
8651
8984
8652
8652
9983
9649
12312
12644
8984
8984
8652
9650
8651
8984
8984
8651
8652
8651
11313
35937
12978
9317
8985
8651
8652
8984
8651
8984
8984
8984
8652
10315
8984
8984
8651
8984
8652
8651
8984
8652
8652
8984
8651
8652
8984
8985
8984
8651
10315
8984
8651
8984
9317
11314
9317
8984
10648
10315
12312
11979
14641
9317
9317
11313
9317
8984
8985
8984
8985
8984
8984
9317
8984
72206
9317
8985
8985
8984
8984
8984
8984
8984
8985
8984
8984
8985
8984
8985
8984
8984
12311
9317
9317
8984
8984
9317
9317
8985
8984
8984
9317
8985
8984
9317
9317
8985
9317
9317
9317
9317
8985
8984
9317
8984
8985
9317
8984
8984
9983
11979
11646
12645
13643
11979
11979
13975
12977
13976
14309
13642
13975
12644
11979
11979
9982
9317
8985
8985
9317
9317
9317
9317
9317
9650
9317
8984
9317
58563
9317
9317
9317
9317
9317
9317
9317
9317
8984
9317
9317
9317
9316
8984
11646
9317
9317
9317
9317
9317
9317
9317
9317
9317
9317
9317
9317
9982
9317
91506
9649
9650
12644
9982
9650
9650
9317
9317
9983
10981
9649
9650
9317
9982
9650
9650
9650
9649
9649
9317
9317
9649
9317
9982
9317
9650
9317
9650
9649
9649
9317
9649
9650
9317
9317
9317
9650
9650
9317
9649
9649
9650
9650
9650
9650
9317
9650
9650
9649
9650
9649
9649
9649
9649
111803
9983
9650
9650
9650
9983
9650
9650
9650
9650
9649
9650
9649
9650
9983
9650
9650
9983
9650
9650
9650
9650
9650
9650
9650
9650
41261
9650
9649
9650
9650
9650
9650
9649
9650
9650
9650
9983
9982
9649
9650
9983
9650
9650
9649
9650
9983
9650
9650
9650
9649
9649
9649
9649
9982
9982
9650
10315
9982
9983
10315
9982
9983
9982
9982
9982
10315
37934
12644
10315
9983
9982
9650
9982
9983
9983
9982
9982
9983
9983
9983
9982
10315
9982
9982
9650
9983
9982
9983
9982
9982
9983
9983
9982
9982
10316
9982
9983
9982
9983
9982
9982
9983
9983
9982
9983
9983
10315
9983
9983
10315
9983
10315
10316
10315
9983
9982
10315
9982
10315
9983
9982
63888
10315
10316
10315
9983
9983
9983
9982
9982
10315
9982
9983
9982
10316
9982
9983
10315
10647
10315
10315
10315
9982
10316
9983
10315
10315
10315
10315
10315
10315
10315
10316
10315
10315
10315
10315
9983
10315
9982
9983
10981
10648
10316
10316
10315
63888
10648
10316
10316
10315
11314
34938
11979
10648
10315
15639
10648
10315
10648
10316
10316
10315
10315
10315
10315
10648
10648
10315
10648
10315
10316
10648
10648
10648
10648
10315
10648
10315
10648
10315
10648
10315
10315
10316
10315
10648
10315
10315
10648
10648
10315
10648
10648
10315
10315
10648
10648
10315
10648
10315
10315
10315
11647
10648
10315
10648
10981
10648
10648
10648
10648
10648
10315
10648
10648
10648
10648
10648
10648
10648
10648
10315
10648
10648
10648
10648
10648
10648
10648
10648
10648
10648
10648
11979
10648
10648
10648
10981
10648
10648
10648
10648
10648
10648
10648
10648
10648
10981
10648
11979
10981
10648
10648
10648
10648
10648
10648
10648
10980
10648
10648
10648
10981
10648
10648
10981
10647
10648
10981
10648
10648
10648
10648
10981
10648
10981
10648
10648
10648
10648
12312
10981
10981
10981
10981
10648
10981
10981
10648
10981
10980
10980
10981
10648
10980
10981
13310
25954
11314
10981
11314
10981
10981
10981
10648
10981
10980
10980
10981
10981
10980
10981
10980
10981
10981
10980
10980
10981
10980
10980
10981
10981
10981
10981
11314
12645
10981
11313
10980
11314
10981
11313
10981
10981
11314
11314
11313
10981
10981
10980
11314
10981
10981
10980
10981
11313
11314
11313
11313
11313
10981
10981
10981
10981
11313
10981
12312
11314
10980
11313
11313
11313
11313
10981
10980
10981
11314
11313
11314
11313
10981
10981
10981
11313
10980
11314
11313
10981
11313
11314
10981
10981
11314
11313
10981
11313
12645
11314
10980
10981
11313
11313
10981
11313
11313
10981
11313
11314
10980
11314
11313
11313
12644
11314
11314
16305
12977
11314
11314
11647
11313
11313
11314
11314
11313
12977
11313
11314
11314
11313
11646
11646
11313
11313
11646
11646
11647
11313
11313
36935
15307
14974
11979
11646
11647
11647
11314
11646
18967
15972
11979
14973
11646
12978
40595
11979
11646
11313
11313
11314
11646
11647
11646
11979
11646
11646
11646
11646
11647
11646
11647
11646
11313
11647
11313
11313
11646
30280
11979
11646
11647
11646
11646
11647
11647
11646
11313
11647
11313
11646
11647
11979
11647
11646
19965
16305
12312
11979
11647
11646
14974
13643
11979
42592
12311
11979
14974
11979
11646
11979
11646
11646
11646
11647
11646
11647
11979
11646
11646
11646
11646
11646
11646
11646
11646
11979
15972
12645
15972
11979
11979
21629
13310
11979
11979
11646
11979
11646
11646
11979
11646
11978
11979
11646
11646
11979
11978
33608
15639
11979
11979
11979
11979
11646
14308
12312
14974
16971
12311
12312
11979
11646
12312
14641
12311
44255
11979
11979
11979
11979
11979
12311
11979
11979
11979
11979
11979
11979
11979
16637
12312
11979
11979
11979
11979
19299
16971
12644
12312
12312
11979
17303
17969
12312
12312
12311
12312
53240
17303
17636
17968
17303
36602
12977
12645
11979
12312
11979
12645
11979
11979
11979
11979
11979
11979
11979
11979
12644
12644
39597
12645
12312
16637
12644
12644
12312
11979
11979
12312
12311
12312
32609
14974
15306
16971
12312
12312
12312
12311
11979
12312
12311
11979
14308
12645
12312
15307
17303
12645
12311
12312
12312
12645
18634
12644
43257
12645
12644
12645
12311
12312
12312
12311
12312
12312
12311
11979
12312
12311
14641
12644
12644
12312
12311
12312
12645
12311
12644
12312
12311
12312
12312
12312
17303
12977
12644
12312
12312
12311
12312
12645
12311
17636
12977
36935
17635
85517
17303
18967
12977
12644
12311
12977
12644
12645
12312
12312
12644
12645
12644
12645
12311
12312
12644
14974
12644
12644
12644
12645
12644
12644
12645
12644
12312
12644
12644
12644
12645
12644
12644
12644
12645
12311
12645
12644
12644
12644
12644
12645
12644
12644
12645
12311
14308
12644
12645
12645
17636
12977
12977
12645
12644
12644
12978
12644
12644
12645
13976
12645
12645
12645
12977
12644
12977
12644
12644
12645
12645
12644
12644
12645
12644
12977
12977
12645
12977
12644
12644
12645
12645
12644
12978
12978
12644
12645
12644
13976
12644
12978
12977
12978
12977
12977
12644
12977
12978
12644
12977
12977
12977
12977
14974
12977
12977
12977
12977
12644
12978
12977
12978
12644
12977
12645
12978
12977
14308
12977
12645
12645
12978
12645
12978
12977
12644
12977
12644
12977
12977
12977
14308
12977
12977
12977
12977
12977
12977
13310
12977
12977
12977
12977
12978
12977
13310
14308
12978
12977
12977
13310
12977
12977
12977
12977
12977
12977
12977
12977
12977
14308
12977
12977
13310
18966
13643
13310
13310
12977
12977
12977
12977
12978
12977
13310
13310
12977
12977
13310
12977
12977
12977
13310
12977
13310
12978
13310
12977
15972
13642
13310
13310
13310
13310
13310
13310
13310
13310
13310
13310
14641
15306
13310
13310
13310
12977
13310
13310
13310
13310
13310
13310
12977
13310
15639
17968
13642
13310
13310
13310
17303
17635
17636
17635
17969
21296
21296
21296
20963
18967
13976
13643
20297
13643
13643
13643
13310
13642
13643
13643
13643
13643
13642
13643
13642
13310
13976
13643
13310
13310
13310
13310
13310
13643
13310
13642
13310
13310
13643
13642
13310
13310
13643
13643
16970
13976
13643
13643
13310
43590
54238
15972
13975
19965
14641
13642
13642
18967
13976
33941
13975
13643
13642
13643
13642
13310
13642
13643
13310
13643
13310
13643
13643
13642
13642
13643
13643
13976
13642
13643
13975
13643
13643
13643
13642
13643
17968
16638
18967
18301
13976
17303
16637
14308
13976
16970
18634
17968
17969
16971
17636
17635
15306
36269
19965
14308
13976
13643
13643
13976
13642
13975
13643
13975
13643
13642
13643
13642
13643
13975
13975
13643
13643
13976
13975
13976
13642
13976
13643
13975
13643
13642
13975
13642
13976
13643
13976
13976
13976
13642
13975
13976
13643
13975
13976
15307
13976
13976
13642
16305
13976
13643
13976
13975
13975
13976
28284
18634
19965
20297
19633
19299
14641
14308
14308
13976
13975
46585
13975
13976
13975
13975
13975
13976
13975
13976
13976
14308
13975
13975
17636
14308
13976
13976
13975
14308
14308
14308
13976
13976
13976
13975
13975
14974
14308
14308
13976
14309
13976
14308
14308
13976
14308
13976
14308
14309
22959
14309
13976
14308
13975
13975
13976
13976
13976
14309
13975
13976
13975
14308
14974
16305
14641
14308
14308
14308
14308
14309
14308
14308
14309
14308
29614
14308
14309
14308
14308
14308
13976
14308
14308
14308
14308
14309
13976
19633
18634
19632
21961
20631
14973
14641
17635
14309
14308
14308
14308
14308
14308
14308
14641
14974
14308
14641
14641
51909
15306
14974
14641
18302
19300
20630
21296
14973
14641
15972
15639
16637
14641
14641
14308
18634
14973
17636
18967
18634
14641
16304
14641
14309
14308
14308
14308
14641
18634
18967
19632
18634
18967
21296
20963
15306
17969
18966
18634
19300
19299
19632
18967
19299
20298
19632
18634
14641
14974
14641
18967
22627
54571
32942
19965
18634
24623
18634
20631
21628
20631
19965
19633
19965
18967
19300
18634
19965
18301
19300
19299
19965
20297
19632
19299
18301
19300
52907
18301
19299
18967
18967
18967
19632
19965
19300
18967
19965
19632
19632
19632
19965
18301
19965
21629
19965
20298
19632
19965
19632
20963
19300
20298
20298
19965
20298
20297
19965
20964
26287
63555
39264
19965
18966
590629
23958
52907
75201
20297
21962
21961
30613
20630
19965
173695
20298
23292
20630
22294
20963
20963
20963
20963
19965
18966
19965
19299
18967
21962
20963
21296
22627
19633
20964
20963
20964
20298
32942
18966
18967
155394
143748
18634
18967
18967
19632
20630
19965
159054
21629
47916
19965
19632
19300
34939
22627
18966
20963
19965
21961
20963
19965
23292
22960
22959
21962
21296
23293
20964
21961
22627
21961
21962
24956
22960
21961
22627
18967
20630
20631
21295
19299
20630
21296
21629
22295
20298
19965
20963
22627
18966
18967
20964
19299
20630
21296
22960
21962
20963
20631
20298
21629
22294
21628
20298
35937
19299
19632
19633
19965
21296
18966
19632
21296
19965
21296
43590
247898
21296
34939
21629
22627
22959
88844
20297
26620
75534
20631
839193
30946
1084429
23293
40263
24956
21962
22627
23958
21962
22960
21296
21962
23292
21961
19632
19965
19632
19965
21296
19300
19300
20963
21296
22960
20631
20298
23293
20298
21629
21629
23958
23625
21961
21962
21296
19964
20964
21629
22294
23625
23292
22960
24956
23958
23293
21628
21629
22959
22294
22959
22294
21296
22960
23625
23293
23625
23626
145078
21629
21961
21629
21296
21961
20298
40595
21296
20963
21628
21629
30613
18967
19965
19965
19633
21296
19965
20630
33275
20963
21961
21296
20298
20631
22627
22627
19633
21962
23293
21628
19633
19633
20631
88178
92837
23293
22294
21628
22294
21629
25621
22627
23625
23292
22627
21628
71208
20630
22627
21628
22959
20963
21962
20630
20963
22295
22294
27618
23625
70210
20631
20298
20963
20631
20963
20630
21296
20963
20963
20298
20630
22960
23958
19964
20298
24291
24290
23958
23625
34606
20298
21961
23958
23958
22627
21296
18967
16304
15972
32942
21296
16304
15972
15972
15972
16305
16304
15972
16305
16304
15972
15972
15972
15972
15972
15972
15972
16305
18634
20297
23292
20297
19632
20298
20631
21629
20963
16637
16305
16304
16305
15972
16305
16304
16305
16305
16305
15972
15972
16305
16305
16305
15972
16305
15972
16304
16305
15972
16305
15972
16305
16304
16305
17635
15971
16305
16304
16305
16305
16305
16305
16304
16305
16304
16305
16304
17636
16305
16305
16970
22627
16638
16637
16305
16305
16304
16305
16304
19299
20298
16637
16304
16305
16305
18967
16638
18967
16637
16637
16304
16305
16305
16638
16638
16304
16305
16638
16305
16305
16305
16637
16305
16304
16638
16637
16637
16305
16638
16305
16304
16304
16305
16305
16638
16637
16638
20298
21296
16637
16638
16637
16637
16304
16637
16637
16305
16637
16305
16305
16304
16637
16304
16305
16637
16305
16637
16638
16637
16637
16637
16638
16638
16305
16305
16304
16638
16305
16638
16638
16305
16638
16638
16304
16637
16637
16637
16637
16637
16637
16970
16637
16637
16971
16638
16638
16638
16638
16638
16638
16638
16638
16638
16971
16638
16638
16638
16637
16637
16637
16638
16970
16638
16638
16637
16638
16638
16637
16638
16637
16638
16970
16638
16971
21961
41594
17636
20963
21961
22960
22960
23292
17303
16970
16638
16970
16970
16637
16637
16638
16638
16970
16970
20963
17303
17303
16970
16971
16970
16970
16970
16971
16638
16970
16970
16637
19632
17303
16638
16970
16970
16970
16970
16970
16970
16970
16638
16970
18301
17303
16970
17303
20964
21296
20631
20630
20963
23958
21296
22294
21296
20963
21961
20631
20630
21629
20963
22627
20631
21961
20963
21962
21962
20964
22627
118792
17968
17303
17303
16970
17303
22294
22960
21961
22627
138091
17968
17303
16970
16971
21296
17303
17303
17303
16970
16970
16971
17303
16971
17303
17303
16970
18967
17302
17303
17303
17303
16971
17303
17303
16970
17303
16970
16970
17302
19965
17303
17303
17303
16970
17303
17303
17303
17303
17303
17303
20630
22626
17636
17303
17303
17302
17303
17303
17303
17303
17303
17303
19632
17636
16970
17303
17303
16970
17302
17303
17302
17303
17303
17303
17636
17303
17303
17303
17303
17636
17303
17635
17303
17635
17303
17303
17636
18966
17636
17303
17303
17303
17303
17636
17636
17635
17636
17303
17636
17303
22294
17968
17636
17636
17303
17303
17636
17636
17636
17636
17635
17303
18966
17635
17635
17635
17303
17635
17636
17303
17303
17636
17636
17635
17635
17636
17303
17636
17636
17635
17303
17636
17635
17636
17636
17636
17635
18966
17636
17636
17636
17636
17636
17635
17636
17635
17636
17636
17636
17636
18967
17636
19964
17968
17636
17968
17969
17636
17636
17636
17636
17969
19299
17969
17968
17636
17636
17636
17636
17636
17969
17969
17969
17969
17636
17968
17636
17635
17635
17968
17969
17969
17969
17636
17636
17968
17636
19299
17636
17969
17636
17969
17968
17635
17968
17968
17636
17969
17969
17969
17968
17969
17969
17968
17636
17969
17969
17969
17969
17969
17969
17636
17968
17969
17969
17969
17636
17968
17968
17968
17968
17969
17969
17969
17969
19300
17968
18301
17968
17968
17968
17968
18301
17969
18302
17969
17969
17968
18302
17969
18301
17968
17969
17969
17968
17968
18301
17969
18301
18301
18301
17968
18301
17969
17968
18302
17969
18301
17968
17968
18301
17969
19632
18301
18301
17968
18301
18301
18301
18301
18301
17969
18301
18301
18301
18301
18302
18301
18301
18301
17969
18301
18301
18301
18301
18301
18301
21629
18633
18301
18301
18301
18301
18302
18301
18634
18301
18301
18301
19965
18301
18302
18301
18301
18301
18301
18301
18301
18301
18634
18301
18634
23293
18967
18634
18301
18301
18634
18634
18301
18301
18633
18301
18634
18634
18634
18634
18634
18301
18301
18634
18634
18634
21629
23625
23625
20631
18634
18301
18634
18302
18301
18634
18634
18634
18634
18301
18633
18634
18633
18634
18633
18634
18634
18634
18634
18634
18634
18634
22627
18634
18634
18634
18301
18634
18634
18634
18634
37601
52908
18966
18634
18634
18634
18634
18634
18634
18634
18634
18634
18634
18634
18967
18634
18634
18634
18633
18634
18634
18634
18967
18634
18634
23292
40928
19632
21296
22627
25955
23958
18967
18967
18967
18634
18966
18966
18634
18967
18966
18634
18967
18966
18634
18966
18967
18966
18967
18633
18634
18967
18967
18634
18967
18634
18967
20297
18967
18634
18967
18966
18967
18967
18967
18634
18967
18967
18967
20298
18966
18634
18967
18967
18966
18967
18967
18967
18967
18967
18634
18966
18967
18967
18967
18967
18966
18967
18966
18967
18967
19299
18967
18967
19300
18967
18967
18966
18967
18967
19300
19299
18967
18966
18967
18966
20630
18967
19300
18967
18967
18967
18967
18967
18967
18967
18967
18967
20630
18967
18967
18967
18966
18966
19299
19299
19299
18967
18967
19300
20630
19300
19300
18967
19300
19300
18967
19299
19300
18967
18967
19299
19299
18967
19299
18967
19299
18966
19299
18966
19299
18966
19299
18966
18967
19299
19300
18967
19299
19299
19300
19300
19300
19300
19300
19300
19299
19300
19632
19633
19299
19300
19300
19299
19299
19300
19300
19633
19299
19300
19300
19300
19300
19300
19299
19299
19299
19299
19299
19632
19632
19299
19632
19632
19632
19632
19633
19632
19632
19632
19299
19632
19633
19633
19300
19633
19632
19632
19632
19299
19632
19299
19299
19632
19632
19633
19632
19633
19633
19300
19300
19300
19632
19632
19632
19299
19299
19632
19632
19299
19632
19633
19632
19632
19632
19299
19299
19633
19632
19633
19965
19632
19632
19632
19300
19633
19633
19632
19632
19632
19965
19299
19632
19632
19633
19632
19633
19299
19965
19632
19632
19632
24956
19965
19965
19633
19632
19632
19632
19632
19965
19965
19632
19965
19633
19632
19965
19632
19633
19965
19633
19632
19633
19965
19632
19965
19965
19965
19965
19965
19632
19632
19965
19632
19633
19632
19633
19632
19965
19633
19965
19965
19632
19965
19632
19965
19965
19965
19965
21296
19965
19632
19965
19632
19965
19965
19965
19965
19965
19965
19965
21296
19965
19965
19965
19965
19965
19965
19965
19965
19965
19965
19965
21296
19965
19965
19965
19965
19964
19965
19965
19965
19964
19965
19965
21629
19964
19965
19965
19965
19965
19965
19965
19965
19965
19965
19965
23625
20298
20298
20298
19965
20298
19965
19964
19965
19965
20298
19964
20297
19964
19965
19965
20298
19964
19965
20297
20298
19965
20298
21296
20297
20630
19965
19965
20298
20297
20297
20297
20297
20297
20298
26287
20631
20297
20298
20298
20298
19965
20297
20297
20297
20297
20298
24624
24291
20631
20297
20298
20298
20298
20298
20298
20298
20298
20298
19965
20298
20298
20298
20298
20298
20298
20298
20298
20298
20298
20298
23625
23958
27286
25622
20964
20298
21628
20631
22294
20297
20631
20298
20298
20298
20298
20298
20630
20630
20298
20298
20631
20298
20631
20298
20630
20630
20630
20297
20630
20630
20631
21629
20630
20298
20631
20631
20297
20630
20630
20630
20631
20298
20630
23958
20630
20297
20631
20630
20298
20963
20631
20630
20630
20630
20630
20963
20630
20631
20630
20630
20631
20631
20630
20297
20631
20630
23958
34939
20963
20630
20963
20631
20630
20630
20964
20631
20630
20964
20630
20964
20630
20630
20963
20630
20963
20631
38266
20963
21296
20963
20631
20963
20963
20630
20631
20630
20630
20964
20963
23625
20963
20963
20630
20631
20964
20963
20963
20630
20631
20963
23958
20631
20963
20630
20964
20963
20963
20631
20963
20630
20963
23625
21296
20963
21296
20964
20963
20963
20963
20963
21296
37933
24291
20963
20963
20963
20964
20630
20964
20963
20963
20631
20963
20963
21296
21296
20963
20963
21296
20963
20963
21296
20963
38267
20964
20963
20964
21296
20963
20963
20963
20631
20963
20963
20964
20963
24956
21295
20964
20963
21296
20963
21296
20963
20963
20963
21296
24624
21296
21296
20963
20963
20963
20963
20963
21296
20964
20963
21296
21296
21295
20963
23625
21629
21296
26287
21296
38932
24290
21296
21296
21296
21296
21296
21296
21296
21295
21296
21295
20963
21296
21629
21296
20964
21296
21296
21296
21296
21296
38599
21629
21295
20963
21296
21296
21296
21296
20963
21296
21296
21962
24624
21295
21296
21296
21296
21296
20963
21296
21296
21295
21962
24623
21296
21296
21296
21296
21295
21296
21296
21629
21295
21296
21296
21629
21296
21629
21296
21629
21296
21296
21296
21629
21629
28284
21629
21629
21296
21629
21296
21296
21629
21629
21628
21628
24623
21629
21296
21296
21628
21628
21628
21296
21629
21296
21962
29282
27951
24623
22294
21628
21629
21628
21629
21296
21628
21962
21629
21629
21629
21296
42259
29615
21961
39597
21961
21961
21629
21628
21629
21961
21629
21628
21961
21961
21962
21628
21962
21961
21629
21628
21962
21961
21961
39597
22627
22294
27951
26952
27619
28284
22294
21962
21961
21961
22294
21961
22294
22294
21962
21961
21628
21961
21628
39930
25289
21962
21961
21629
21961
21961
