44588
44922
45254
45587
44589
44921
43590
44256
44255
45254
43590
44256
43923
44255
43923
43923
44256
44255
44921
44588
44921
44589
45254
44256
43923
43923
43923
43590
44256
44255
43923
43257
43257
44589
44589
45586
44256
43590
43923
43922
44589
43590
44589
43922
43258
44255
43590
44256
47583
44589
44255
44588
44588
43923
45586
43258
44588
44256
44589
43923
43591
43257
44921
44588
43590
43257
43923
44588
43923
43590
44256
43258
44256
43258
43590
43590
44256
43590
42924
43257
44922
43923
43923
43923
44921
44588
64220
43923
73870
42592
43257
42924
42925
42925
43590
72540
47250
42592
42925
42591
43923
43258
43590
75202
43257
42924
43590
42925
42592
42924
71541
46252
43257
43590
42592
42925
42592
43257
64553
42259
42592
42591
43922
42260
42259
42924
47251
43590
42592
42592
43257
43257
42592
75202
46917
42924
48581
50578
51243
84185
47251
44256
84186
43590
42925
91839
50578
48249
44256
54904
53905
71874
86514
42592
43590
42592
43257
46252
42260
50578
53905
47916
52907
54571
53573
50577
45587
53905
54903
52574
55237
57565
54571
53905
53572
54904
51243
51244
54238
54238
52575
51243
57899
54904
51577
53906
52907
53906
55569
53240
53572
51909
52241
52575
56235
52907
53905
52574
52907
54903
55237
54238
52575
54238
54571
53573
54571
53240
53573
53573
52907
52907
51576
55902
53239
52907
54904
53572
52574
55570
53905
54239
52907
53572
54903
55236
54238
54238
54904
54238
54903
83853
54570
54238
54571
54571
55237
55237
54571
54904
54571
53905
52574
83520
53905
52908
54904
54904
53573
82189
54239
54904
53240
53905
55236
55902
54903
55236
54570
54570
53240
53239
52575
53572
54571
54238
55237
53573
83853
55569
53573
53240
54904
54238
73538
54239
53906
54904
54238
53573
56235
54904
53905
55569
53573
54238
54903
53905
54571
51909
50578
51909
99492
43257
41593
42925
42259
42592
42259
48914
60893
46252
80193
61559
51577
85184
51909
50245
51244
51576
51909
156725
52242
51576
51244
51908
55569
51243
51909
52242
54571
52574
44588
42592
41927
42259
43257
41927
42259
42259
41593
45587
42259
42259
42259
42259
42259
41926
42925
45919
42592
41927
51576
50910
54238
56235
54571
56900
50245
50246
51908
56900
70875
51576
46585
53573
48582
54904
55902
52574
47251
41927
42259
43923
47916
45254
42259
41261
41926
42925
42925
42259
49912
50578
52242
50578
51909
53240
54238
56567
41594
44256
41927
41926
42592
43258
42260
41926
42592
42925
42592
41593
42592
43257
44588
42259
41926
42260
41593
40928
41926
41927
41927
42259
41593
42924
41926
41261
42259
41261
42260
41927
41593
41261
41926
41594
41926
41594
43257
41261
42259
41261
42592
41261
41926
40928
41594
43258
41926
42592
41593
41926
40928
41927
42259
42924
41261
41261
40928
41260
41261
41927
41927
41927
41261
41593
40928
42259
41260
40595
41927
41594
42924
41594
40928
42259
41261
41261
40928
40928
44256
42925
41594
49579
44921
42259
41594
40928
43590
41261
42259
40595
41926
41260
41261
40928
42591
41594
41594
42259
41593
41926
41593
41593
42592
41927
41926
40928
41926
41593
41593
41261
40928
43257
52242
42259
41594
41261
50245
46252
42259
41594
40596
41593
42259
40595
40928
41261
62224
41261
40928
41261
41593
40596
42592
44588
47583
99159
50578
52242
54238
82855
44256
44256
41926
43258
44922
43923
94168
49913
52907
49580
54571
51576
51244
69877
52242
46585
41261
43257
40928
41926
45919
49912
133432
57566
57565
56900
56900
57233
57233
56567
57566
56900
55569
55901
56568
55569
55902
56235
54238
52242
56567
51576
53239
53905
52574
52907
50578
49579
42259
40595
40928
40928
40595
40595
43590
40596
41593
41594
42592
41261
42592
42924
70543
56235
50578
54904
390980
87846
55569
63888
53240
84851
52242
52574
51909
52242
50910
50911
51576
51909
46917
40596
40595
41261
40928
40928
40928
40596
47250
40928
42259
41261
40595
40928
40263
40928
48249
41261
40929
40595
41261
40929
40928
41261
42925
41594
41594
41594
40263
41594
40595
40596
40263
40928
40596
40262
40596
40263
40928
40928
40928
42592
41927
41261
40263
41261
40595
40596
41594
40595
40929
40263
40263
40263
40928
41593
40596
40596
42592
40928
40928
41594
40928
40928
40596
40263
42925
45587
40929
40595
40595
41593
41261
40928
40595
40928
40596
41261
40263
40595
40929
40595
40595
42259
40596
39930
40595
40596
41594
41261
40595
42592
40263
40928
40929
40928
40263
40928
41260
39929
41593
40263
40263
41926
40263
40262
41593
40596
42259
40928
40596
40928
39930
40263
40596
39930
40263
41261
46918
40928
40928
40263
40928
40596
42592
46918
40596
39930
40595
43590
48249
47916
49247
51909
48914
47250
40928
40596
41261
49247
42259
108477
188336
110140
49247
49912
41594
39930
43590
40595
39930
40595
41261
40928
40596
40928
42592
40929
40928
39929
39929
39930
40928
39930
40596
47250
40928
39930
40595
39597
39929
40263
39597
43590
40928
39598
39597
40596
39930
40928
40263
39930
44256
40595
40928
39598
40928
39930
40262
40262
42924
41926
39597
41261
39597
39597
41261
40596
44921
40928
40262
39930
40928
39929
40595
40263
39597
39930
39598
39597
40928
40928
39930
39929
40263
44588
41261
39598
40929
40595
39597
40263
39597
40595
40595
39597
40928
40263
39930
39264
40263
39598
46918
39930
40262
40596
40263
40928
39930
39597
45254
47916
48249
49247
47250
47915
48582
50245
48581
50578
49246
47583
49247
51576
278178
50246
50578
46585
39930
39597
40263
39597
39930
39598
42592
40262
40263
39930
40262
49247
42592
39597
49247
47583
40595
39597
40263
39597
39598
40596
42925
39930
40263
39930
39930
43591
50245
60894
48915
49912
45919
39597
39264
39930
41594
39597
40263
39265
39930
40595
39264
40595
40596
41261
39265
38931
40262
40596
39930
39265
39597
39597
40595
39597
40595
39597
40263
39597
39264
39930
40595
39597
39930
38931
38931
39597
39264
39597
40263
41261
40595
39930
39265
39597
40262
39264
40262
40928
40262
40262
39597
39265
39264
39930
40263
40595
41594
40262
39930
40595
39264
39930
39264
38932
39930
40595
39264
38599
39597
39930
39597
38932
40263
41594
38932
40263
39930
39597
40262
38599
38932
39930
40596
39930
39597
39597
39930
38931
39930
40595
39930
38932
38931
39264
39930
39265
39597
39264
39264
40928
39264
38599
39597
39930
39265
39597
38932
39597
39930
38932
38932
39597
39597
39930
38931
39929
39264
40262
39930
39598
39597
39265
39265
39264
39597
40263
38599
39265
39597
39597
39265
39597
39265
39597
41261
39930
39597
39265
38599
38931
38599
39264
39597
38931
39598
39930
38932
38932
38598
39597
39598
39930
39597
39265
38266
39265
39597
39264
39597
38599
59230
39264
39264
39930
39264
38599
38932
38266
40928
44255
58564
82522
48582
62224
61226
48249
47250
40928
39264
39930
39597
60893
39930
38599
39597
38932
39264
38599
38932
39265
38598
38599
38599
38931
38266
39265
38932
39930
59895
39929
39265
38599
39264
39597
38599
38932
38932
39264
38599
38931
38931
39597
38599
39264
38599
56900
38932
39265
72872
40262
39264
38266
38598
37934
38932
39597
38266
39597
38266
41261
39265
39264
39264
39265
37933
39597
38599
38598
40595
38599
38266
38932
38267
38266
39264
39597
39597
38599
38599
39597
38266
39598
38599
38598
39264
40262
39265
38599
38932
39597
38932
38266
38266
38932
40263
38598
38599
39597
38598
38599
37933
38599
38267
39264
38932
38599
38599
37600
40596
38266
41594
39930
38267
39264
38599
37934
37933
38266
37933
40596
38266
38599
38599
37934
38266
38266
39265
38599
48914
43257
39264
38599
38931
38599
38266
37933
41261
38266
38599
38599
37934
37933
39597
38266
38931
42592
38266
37933
38598
38599
38932
38266
37933
41926
38932
38266
38932
37934
38932
38599
37933
38599
46585
38599
41927
38599
38931
38932
37934
37933
41261
38931
37933
38599
38599
39264
38266
38267
37933
44921
38267
37934
37601
37934
38266
37933
37933
37933
41927
38932
38932
37933
38266
38932
38266
37933
38266
39597
37934
37933
37934
37601
38266
38266
38932
40928
39597
38932
37934
38599
38266
37934
38599
37934
44256
38598
38599
37933
37933
38599
38931
37933
38931
39265
38266
37600
38931
37933
38266
37601
37933
39598
38266
38266
37933
38266
38266
38266
38266
38266
40262
37933
37933
38266
37268
37933
38599
37268
37933
44588
37934
38599
38599
37601
38599
38266
37934
38266
42592
37934
38266
38266
38599
37601
37601
38599
41260
38598
38266
37268
37934
38266
38599
38599
37268
40595
37600
37601
37268
37933
37268
37600
37933
38267
43923
38931
38932
38599
37268
37601
37601
37600
37268
41594
38266
38267
37933
38266
37601
38266
38599
37933
38932
38266
38266
38266
37268
37268
38266
37601
40596
37601
37600
38266
37933
37933
38267
38266
38599
44588
38599
37601
38266
37600
37933
37600
37933
37600
40596
38266
37600
37934
37601
39265
45920
46585
50578
123783
49912
67548
38932
41926
52241
42592
37933
111804
38267
58564
38599
36936
37933
37601
37601
37934
37268
37268
38599
37268
37268
37268
37268
37268
37268
38266
37268
37601
37600
38266
37933
38266
38599
37600
37933
40263
37933
37933
37268
37933
37601
37933
36935
36935
56568
38599
38932
37601
36936
37268
37268
37267
37933
38266
36935
37933
37268
36935
37268
37934
37934
36603
37601
37933
37933
36936
36935
36935
37268
37600
40263
37601
36935
37268
37933
37600
37268
37268
36602
55569
37268
37267
37268
37268
37268
37268
37268
37601
39930
36935
37934
37268
37934
38266
37601
37601
37268
37601
36935
36935
37600
36935
37267
36935
36602
36602
36935
36935
36935
37268
37268
37601
36935
37600
37600
36602
37268
36603
37268
37268
36602
36603
36936
39597
37268
37601
36602
37601
37268
36602
37268
36935
56234
37268
36602
36935
37268
37601
37933
37601
37601
44921
46584
37933
37933
36935
36935
37268
37268
58564
36935
36935
36936
36603
37934
36270
37933
37600
46917
37601
36602
37268
36603
36935
37600
36602
36935
37600
42592
37601
37934
36270
37268
37268
37268
45586
37601
36603
37268
36603
37601
36270
36935
37268
37601
36603
36935
36269
37268
37268
36603
37268
37601
36602
36603
36270
36935
36602
36603
37268
36935
58231
37601
36935
37934
37601
36270
37268
36935
36602
41261
36602
37601
36935
36602
36935
36603
36270
36602
55237
37601
37601
37268
37268
36602
36935
37268
36602
39264
36602
36935
36936
36603
36936
37268
37267
36935
56234
36269
37268
37601
36270
36602
35937
37268
36936
38932
37267
35937
35937
36270
37268
36603
36935
36935
56567
36602
36603
36935
36270
36936
36270
36602
37268
38932
36935
36936
36270
36935
36602
36269
37268
36270
36602
35937
36602
36270
37268
36602
35937
36603
133432
46252
37934
36270
37268
36270
37268
56567
36603
36270
36270
36935
36602
35937
36603
36270
38598
37268
35604
36602
36603
36936
36603
37268
36602
68213
36602
36270
36270
35937
36936
35937
36935
36270
39264
37268
36935
36602
36935
37268
36270
35605
36270
56900
36270
36269
35937
36270
35937
36935
36935
37268
41261
36935
36602
35604
36270
36269
35937
36936
35937
39597
38599
43923
50245
41926
36269
36603
43923
37601
36935
39930
35937
36935
36603
36270
56567
35937
36270
35937
36270
36602
35936
36602
36935
38599
37268
36936
36270
36935
36269
36270
35937
35936
55236
35937
36602
36602
36603
36270
36270
35937
36270
35937
36603
36602
35604
35604
36269
36270
35937
35937
54904
36270
35604
36603
36269
36602
36602
35937
35604
38266
36602
36270
36270
35271
36270
35604
36602
36270
55901
36269
36270
36270
36602
35604
37600
35937
36935
35604
35604
37601
35604
37268
35272
35937
36270
36270
55569
35937
36269
36270
35937
36270
35604
35605
35272
36603
35937
36269
35937
36603
35604
36270
35604
35604
55236
35937
35937
35605
35604
35937
35604
35604
36270
36602
35604
35937
35604
36270
35604
35271
35604
55902
35936
35271
35937
36269
36270
35604
35604
35271
35604
36270
36270
36269
35937
34939
35604
36270
35272
35604
36269
35272
35604
35272
36270
35604
35604
36269
35605
81191
36602
36270
35604
36602
35937
34939
35271
36935
35604
34939
35937
35604
35604
35937
36269
35937
35937
34939
35272
34939
35604
34938
35272
35937
35937
35272
36935
40928
35604
35936
36270
36269
35937
34939
35937
37600
35937
35271
35271
41261
39597
35271
35272
35271
36270
35604
34605
35937
35271
35604
36269
34939
35605
36935
34939
35937
35604
34939
35272
35604
35937
35937
35605
35937
36269
34273
35604
34606
34938
34939
34939
35272
39930
35604
35604
35604
34939
35936
34606
35937
35604
37268
34939
34938
35604
34606
35271
35271
35271
35272
35272
36602
34939
35936
35604
35937
35271
34606
35272
35271
37933
37268
34938
35937
35604
34939
35604
34938
34606
35937
68546
36935
35937
35604
35937
35271
36935
35272
34606
35604
35271
35271
35272
35272
34939
36602
34606
35937
35937
35605
34938
35271
34939
34606
34606
36603
35271
34939
35936
34939
35604
35271
35272
34939
35937
35271
35271
35272
34939
35271
34939
34605
34939
34938
36935
35271
34938
35604
34938
35272
34606
34606
35937
36270
35272
34606
34939
34938
34606
34606
34273
34939
34605
35272
34606
35271
34938
35271
34606
35272
34273
34273
36270
34939
35271
34939
34939
34939
34606
35271
35271
34939
35604
34606
34938
35271
34606
34939
34273
35604
35272
47250
34606
34939
35271
34606
34939
35604
35604
34938
34606
36603
94833
43258
50577
47251
57565
35604
35604
34939
34939
34938
35604
35271
35271
37268
34606
34606
34938
35271
34606
34273
34273
34274
34938
34939
34939
34938
34939
35272
34606
34939
34273
35271
36270
34939
34606
34939
34606
34939
33940
34606
34939
34606
34606
35604
34273
33941
34273
34939
34273
33941
34273
35937
34938
34606
35271
34606
34606
34939
34273
35271
34939
35604
34273
33940
34273
33940
33940
34938
34938
34273
36270
34606
34273
34274
34606
34273
34939
33608
34274
34606
35604
33608
34273
33941
41261
46918
46585
48914
35605
34606
34605
34274
34606
34273
36936
46584
48249
47916
47251
48914
48914
48914
47250
49580
45919
47250
47916
46585
46252
48914
1543290
49912
46917
46585
45920
49247
47583
47250
47583
218284
194325
41926
209965
42924
1202887
46917
44921
46252
46585
44256
46918
47916
45587
49580
46917
49579
45254
113134
45587
49247
46252
46585
48582
704762
45586
155393
46917
46918
47583
39597
41926
44256
39598
42592
46252
45919
45587
46252
47250
47916
45920
47583
46252
47583
48249
46585
36270
33608
34273
33608
33607
33940
33608
33941
33607
33608
41260
33940
33941
33940
33607
33608
33941
33941
33941
34938
33607
33941
34606
33940
34274
33274
33941
33275
33275
33607
33275
33275
33608
33608
34273
33940
33608
34273
35604
34273
33608
33940
33608
34605
33608
33608
33275
33608
35271
33940
33275
34606
34273
33940
33608
33607
33941
33608
34938
33608
33275
34273
33275
33274
33940
33275
34606
35604
34273
33941
33941
33940
33607
34273
32942
34939
34606
33275
33940
33275
33275
33941
33941
33940
33275
39264
34273
33275
33607
33608
33941
33940
33608
33941
33275
36935
33941
47916
43923
41260
43258
78196
41261
41593
43590
45587
43257
84518
44255
41927
42592
40929
41926
44921
78196
42592
44256
43258
42925
45586
46584
45587
43590
43923
42592
43923
43590
41927
44588
45587
45254
46918
89842
47916
45254
43590
45587
46252
43923
46917
34273
33941
33608
32610
33607
33608
63222
33941
33608
33940
33608
33608
33275
32943
32942
33940
33608
33275
33608
32942
32942
32942
32610
33941
33275
73538
33607
33940
34273
33608
32943
33608
32943
33940
36269
33275
32942
33275
33607
33608
32610
33275
32610
35604
32942
33608
33608
32609
33275
33275
32610
171366
41593
39265
32942
33940
33608
33607
51909
33608
32943
33274
32610
32610
32942
33275
33608
32942
35937
33608
32610
32942
33275
33607
33275
32943
33607
106813
33275
34606
58564
36936
51244
34605
33275
36935
32609
33275
32942
33275
33941
32610
33275
32942
33940
32609
32942
33941
33607
32942
33275
32609
32609
33275
48249
33941
32610
33607
33608
33607
32942
32609
32610
34938
32942
54238
33275
32942
32942
32609
33275
32942
32609
37934
32942
33275
32942
32942
32942
32942
32609
32277
33608
33275
33275
32277
33275
32942
33275
32942
33275
33275
33607
33275
33274
32610
32942
32277
32609
32942
32942
32609
33941
32942
33608
32609
32942
33275
32609
32942
32942
33275
34273
32609
33275
32609
32277
32942
32609
32942
33275
32276
34606
33608
32276
33275
32942
32610
32276
32277
32942
32609
33608
33608
32277
32610
33275
32609
32942
32610
32609
33275
32610
33275
32277
32942
33275
33275
32276
32610
32276
32942
32609
32277
33607
32942
32610
31944
32610
32277
32276
32277
32609
32276
32610
32609
32277
32942
32609
32609
32942
32276
31943
32610
32609
32610
32277
32277
32276
32276
32610
32942
32610
32276
33275
32609
32942
32610
32276
31944
32943
31944
33607
32609
32610
32276
32277
33608
32277
32942
32277
32942
34606
31944
32609
31944
31943
31944
32942
32610
32609
32609
33940
32609
31944
32277
32942
32276
32276
32609
32277
32277
33608
32276
31944
31944
32942
32276
31611
32609
31944
32942
33940
33608
32277
32277
31944
32942
32277
32610
32609
31611
33275
32277
31943
32942
32610
32276
32610
31611
32277
31944
33940
31944
32277
32609
32609
31944
31944
32277
32277
31611
34938
36935
32942
31611
32609
32610
32277
31943
32277
32276
32610
31278
31611
31944
31278
32277
31944
32609
31944
31278
32277
31944
31611
32276
31279
32276
31943
31611
31611
32277
33275
32277
31611
32609
32610
32276
32277
32610
31943
31612
33274
32277
31944
31944
31611
32277
31944
32276
31944
31611
42592
37934
32942
31611
39265
39265
42591
42592
38932
31944
32277
31944
31612
31611
31944
32277
32277
31611
32609
31612
32276
31944
31611
32277
32276
31943
31944
32277
32610
31612
31278
32277
32609
32609
31611
31944
31944
31612
33275
32609
31944
31611
31944
31611
32609
31944
32277
32277
33607
31611
31612
31611
31944
30945
31612
32609
31944
31279
35604
31612
31943
31611
32276
31612
32277
31278
31612
31611
33941
31612
31944
30946
32276
32277
31944
33275
31279
31943
31278
31611
31944
31611
31944
31944
31278
31944
31611
31278
31943
31611
32277
31943
31944
31611
32277
31944
32277
30946
31611
32610
31611
31944
31278
31278
31944
31611
31944
30945
31611
32609
31611
31944
31278
31279
31944
31279
31278
31612
31944
30946
31944
30945
30945
31611
30946
31611
31279
31944
31611
30946
33607
30946
31278
31278
31944
31943
31944
31611
31278
31612
32277
31278
30946
31944
31944
30946
31279
31278
31278
31611
35271
43258
41261
33608
31943
31611
31611
31944
30613
32276
31278
31611
31944
31279
30946
31278
31279
33275
31611
31612
30613
31279
31612
31611
30613
31278
31944
31611
31611
31944
31611
31279
31278
31611
31611
31611
31611
31278
31944
32277
30946
31278
31278
31279
31279
30945
31279
31278
31278
34606
31279
31279
30613
30946
31279
31278
31278
31279
34273
33607
31611
30613
30613
30613
30946
30280
30946
30613
31611
33275
30613
30946
30613
31611
30946
31279
30613
30613
35937
33608
30946
30613
31278
30613
30945
30612
30613
31278
30945
31611
32277
30613
30946
30946
30946
31279
30612
31278
30613
37601
35272
31611
31278
31279
30613
31611
31611
30613
31612
31611
31279
31279
30945
30613
31278
30946
30613
30613
32942
31944
30613
31611
31611
30280
30946
30613
30946
31278
30946
30946
33941
30613
30945
30946
30613
31278
30945
31278
31278
32277
33941
30945
30613
30280
30280
31279
31278
30280
30946
30945
33607
31611
30945
31279
30946
30280
30613
30946
30613
35272
34273
30612
30946
30612
29948
30280
30946
31278
31278
31279
30280
31279
30945
31279
30945
30613
30946
30613
30613
30946
31278
32277
31278
30946
29947
30613
30945
30946
30280
30613
30613
43257
30946
30281
31278
30280
37601
31612
31278
36269
35937
31611
30945
30280
30613
30280
30613
29947
30613
29947
32942
30946
29948
29948
29947
30280
30945
30613
29948
34606
30946
35271
37268
48249
32610
30613
32943
30613
30613
33275
31611
30613
29947
30946
30613
29947
30613
30946
30613
33608
30280
30281
30612
30281
30280
30280
30613
30613
29948
35271
39930
38932
37268
32942
30613
29947
30612
30613
30281
30280
30946
30280
30613
30280
30280
30280
30946
29615
32609
30280
30613
30281
29947
29948
30945
29614
30281
47583
34606
30945
30612
29947
30946
29948
30945
30280
29947
30281
29615
30613
30280
29615
30280
30612
29614
30613
30280
47250
29947
30281
30280
29948
29615
30280
29948
30280
29948
30280
30280
32943
29948
29948
30613
30280
29947
30281
29947
29948
46585
32609
30280
29947
30281
30280
30613
30281
30280
29615
30280
61226
52907
30613
29947
29947
29948
29282
29615
30280
30613
30280
29948
30280
29282
30280
29615
29615
29947
30281
29947
32609
29947
29282
29615
30280
29948
29948
29615
29947
45919
29947
29947
29947
29947
42259
29948
29615
29947
29948
29614
29947
30281
30613
29282
29948
29614
30613
29947
30280
47583
34606
29947
29948
29281
29282
29947
30281
29614
29615
29615
29615
30613
29614
29615
29615
29282
29282
29614
29282
29615
30945
39930
39597
29948
29614
29281
29947
29282
29948
29615
33940
29947
29947
29282
29282
29282
29614
29282
29615
46918
32610
29282
29948
30281
29282
29615
29614
29282
29282
29615
28949
31612
29615
29282
29615
28949
29615
29615
29615
29947
46585
34606
29614
29948
29282
29282
29281
29282
29281
29614
29948
28949
33607
29282
29615
29615
29947
29947
29282
29615
28949
29947
32277
29615
29615
29615
29614
29282
29282
29615
29615
28949
29947
29614
29615
29948
29948
29947
28949
29948
28616
29282
30613
32276
29615
29282
29282
29282
29282
29281
29947
29615
29947
29948
30280
29614
29614
28949
29282
29615
29282
29615
28949
29948
33275
29282
29282
29615
28949
29947
29614
28616
29615
29282
29947
29282
28950
29614
28949
29615
29615
29615
29615
29615
29615
35937
29614
29282
29614
28949
29282
28949
29282
100490
33941
29615
29615
28616
29282
29614
28950
28949
28949
29282
31611
29282
28949
29614
29282
28616
29282
28949
29282
28950
28949
31279
28950
28616
29282
28949
29282
28949
28949
28616
45586
31944
28949
28616
29282
28950
28616
29282
29282
29614
28616
29281
33941
28617
28949
28949
29282
28950
29615
28949
28283
45920
32609
29615
29282
28949
29282
28617
28617
28616
28950
28617
28950
30946
29282
28949
28949
28949
28949
28616
28949
28949
59562
37267
29615
28949
28284
29282
29282
28616
28616
28284
29281
29282
28949
29615
28949
28283
28950
28616
28616
28616
29615
28617
33275
28616
28949
29282
28949
28616
28617
28949
28284
28284
28949
31612
28616
28616
28283
28616
29282
28616
28950
28283
45254
31611
28949
28949
29282
28616
28283
28950
28284
28616
28284
28617
33940
28616
28950
28949
28284
28616
28949
28949
28617
45254
28617
28617
28949
28284
28949
28284
28284
28949
28949
27951
28616
28616
29282
29281
28283
28616
29282
28949
28616
27951
28284
28616
30613
28949
28283
28284
28949
28284
28284
28616
28617
28616
28949
33275
28616
28284
28616
28284
28283
28950
28617
28284
28284
31279
28949
28949
28284
28949
27951
28284
27951
28616
27951
28283
31278
28284
28284
28949
28949
28616
28949
28617
28284
44921
27950
30946
28616
28617
28949
27951
27951
28616
28617
28949
28284
27951
28616
28283
28617
28949
28949
28284
28950
28284
28617
28949
30613
28284
28617
28616
28617
28284
28284
28617
28617
27951
28616
30612
28949
27950
28949
28283
28616
28616
28284
28617
44588
28284
28949
28617
28284
28284
28617
28284
27285
28284
28284
29948
28616
89842
36270
37600
37933
32277
29281
28617
27950
45920
54238
40263
28284
27951
28949
27618
28284
27951
27950
33940
35604
34606
28617
30280
63223
39598
43590
37934
33941
68546
35604
35604
35604
35272
35936
35604
37268
36269
34606
34606
36270
34939
35604
37268
35604
34939
35604
34939
34273
35271
36602
37933
35271
34606
35271
36269
35272
35937
34939
36935
35272
34938
35604
35272
37600
35604
36602
37601
36603
35937
36269
37268
37268
35271
35937
34273
36936
38599
37601
35272
34606
35937
36602
33608
34606
50578
39265
44921
35271
36602
35604
35937
33607
38266
36270
35271
36935
37268
31944
37600
34606
34606
36602
28284
27285
35604
28617
27951
27285
27951
27618
27285
27286
27285
45586
28284
27951
27618
28284
27951
27951
27951
27951
26953
27951
26953
28283
27951
27951
27951
27951
27285
27951
27618
27618
27951
27618
30613
27618
27286
27618
27286
27286
27285
26953
27286
27618
27951
27950
26952
27950
27618
27951
27619
27951
28284
27285
27951
28283
30280
27951
27951
27951
27618
27619
27618
27951
27618
26953
27618
31611
27618
27286
27286
27951
27951
27285
27618
27950
43590
27618
32943
27951
27285
27619
27618
27618
26953
26953
27286
27285
27618
29947
27951
27618
27618
27286
26953
27618
27951
27286
75867
42592
33940
26952
27285
27285
26953
27285
27619
27286
27618
26952
65218
27951
27618
26953
27285
27286
26952
40596
26953
26620
26620
27286
26953
27619
26953
26952
27285
26952
29947
26620
27285
26953
26953
26953
26952
29614
30613
59895
27285
27619
26953
26620
27618
27286
26953
27286
27618
27286
26953
27286
59229
27951
27285
26952
27285
26620
27618
27285
57898
27618
27951
26953
26953
26620
26952
26620
26952
26620
27618
27286
26620
31944
27618
26953
26287
26953
27285
27285
26952
26620
58231
26620
26953
26953
27285
26620
26287
26952
26620
26953
27286
26953
27286
29282
26953
26953
26953
27286
26952
26952
26620
26953
58896
26953
27951
26953
26620
27285
27619
26287
27285
26620
26620
26620
26953
26953
27286
26620
26287
26620
26952
26288
26620
26287
27951
26287
34273
26620
26952
26953
26620
26620
26288
26620
27286
26952
26953
26952
26953
26953
26620
26619
26287
26952
27285
26287
26953
28616
26619
26288
26953
26287
26287
26287
26952
26287
26952
27285
26620
27285
26953
26620
26287
26620
26287
26953
26953
26620
58564
27285
26953
26953
26287
25955
26620
26288
26953
26952
26953
25955
29281
26620
26287
26952
26287
26620
25621
26953
26953
55569
26620
60227
26287
26287
26953
26952
26953
26288
26953
26952
26953
26287
29282
31611
27286
130105
30945
37933
59562
33941
34273
31278
36603
26620
26288
28616
27951
66882
26620
30280
26952
29947
26953
26953
26287
25954
26287
26288
26287
29614
31944
30946
31278
80192
33608
33941
32942
32277
35272
62889
36270
33275
30946
33940
33940
33940
35937
34939
33941
35271
33275
33940
32942
32943
29282
35271
32942
29948
31944
32276
38932
36935
36603
66217
36270
36270
36603
36602
36935
36269
36602
37268
36602
34938
34938
35604
34938
53240
31944
32277
34939
31944
32277
33275
36602
36935
39930
36269
38599
36270
36602
36935
36602
36270
36935
37267
38599
36935
36602
36602
36270
36935
35604
34605
37601
35272
35604
33608
32609
33608
33608
31944
33941
32609
30613
31279
31944
35271
33941
34273
27286
26288
26620
25954
26287
25954
25955
26287
31944
34939
33274
33275
35604
34273
33608
33940
33941
32942
33608
34273
35937
34273
32610
35272
34939
33274
33608
33275
31611
26620
25955
25954
26288
26287
32943
33940
32942
32277
36269
33608
32942
35271
33608
34273
39265
32942
29947
26287
25954
25621
25288
26287
25622
25955
25621
49912
61891
31611
31944
32276
111804
36602
51909
33940
31944
31944
26619
25955
26287
31943
26288
25955
25289
25288
25622
25954
25954
29614
25954
25622
25622
25954
25622
25288
25622
25289
25622
25621
25289
25621
25289
27950
25622
26287
25954
25621
25954
25622
25289
25289
28284
25955
24956
26287
25621
25622
25622
25622
25955
25622
25954
25954
25621
25621
27951
30613
29615
32277
34606
31278
34606
34273
35937
35604
36602
34939
34939
35271
30946
30946
25954
28284
25289
25622
24956
25289
25954
25622
25289
25955
30280
25289
26287
25622
25621
28284
29948
30613
31944
31279
31278
31611
26620
25622
29615
28949
30280
30945
25954
27618
25621
24957
26287
25289
25954
25621
24956
25289
25955
25622
27618
30280
30946
60227
30613
31279
30946
25289
25289
25954
24956
28284
84186
42259
34606
46585
35604
52574
25954
25289
25621
25289
25289
25289
25621
45919
25289
28617
25289
25289
25289
25289
24624
24956
25622
24624
25622
24956
25289
29615
25622
24624
24956
25289
25289
24956
24956
25289
41926
24956
24624
25955
25621
24956
24956
24956
24956
27951
25289
24624
25289
24956
30613
30280
33940
33275
33275
31611
25955
29282
25622
24623
25289
24956
24956
24623
24956
24956
24623
25289
24624
29947
25622
24956
24957
31611
30946
32942
41594
24956
25289
24956
25289
24623
24956
25289
25289
25622
25289
24956
24956
24623
24623
24956
24956
24623
24956
24956
24956
24956
24623
56234
24956
60893
25289
24956
24623
24956
24956
24956
24956
24291
25289
24623
64221
24956
24956
24956
24290
24623
24956
24956
24291
24956
24956
24957
24624
24291
24956
24291
24623
24623
24291
25289
24956
24956
59230
24956
25289
24624
24623
24291
24624
24291
53240
25289
24624
25289
24623
24624
24624
24957
24956
24291
24956
24956
24623
25622
61558
30612
25289
23958
24624
24290
24291
24624
24956
24623
28284
24290
24956
24291
24291
24956
24623
24623
23958
25289
24290
24291
26620
24623
24291
23958
24291
24957
24624
24291
24624
55569
24956
24623
27951
24956
24290
24623
24290
24291
23958
24957
24291
24290
24624
49247
24623
23958
24623
24623
24623
24957
24290
24291
24956
24290
24623
24624
24624
24291
24291
24290
24290
24291
24623
24956
23958
23958
24624
24290
23958
24624
23958
24624
24624
24624
24290
56235
24291
26620
24624
24624
24290
24623
24291
24623
24623
24623
24623
24291
24290
26953
24623
23958
24291
24290
24291
24957
24291
24957
23626
24291
23958
29281
24624
24623
24290
25288
24956
23957
24623
23958
24623
23958
24290
23625
23958
24624
23958
24623
24291
25289
33275
24291
23958
24291
23625
24291
23957
23958
24623
23625
23958
23958
23625
23625
23625
23958
23958
23625
23958
23957
24291
24290
23958
24290
25954
23958
23958
23625
24290
23958
23625
24291
24291
24291
23625
24290
25955
23957
23625
23958
23626
23625
23293
24290
23625
23625
23626
23958
23958
24291
23625
23625
23958
23292
24291
24290
23958
23957
23958
24291
26620
24291
23625
23625
24290
23626
23958
23626
23625
23292
23958
23626
168038
31611
25288
23958
23957
24290
23625
27951
24624
23958
27618
24291
24291
24624
24623
24290
23958
23625
25621
23958
23625
23625
23292
23625
23625
23292
23625
23625
23625
23293
25289
29282
29615
29282
29282
23958
23626
23625
23293
23958
23625
25289
23625
23292
23957
23292
23958
23293
23958
23293
23958
23625
23625
23958
23293
23625
23293
23625
22960
23957
23293
23625
23625
23958
23293
23625
24957
23958
23292
23625
22960
23293
23292
22959
23625
23293
23958
23958
23292
23292
23625
23293
23958
22960
23625
23626
23292
23625
22960
23625
23958
24623
23625
22959
23292
23293
23625
23293
23293
23292
23292
23626
22960
23625
24290
22960
23292
23292
23292
23625
23625
23625
23958
23625
23625
23625
23293
23293
22960
23625
23625
23625
22960
23292
23625
23292
24291
23292
23292
24956
22960
23626
23625
23625
23292
23293
23293
23293
23292
23625
23293
23626
23625
22960
23292
22960
23293
23292
23292
23292
22960
23625
22960
23292
37934
23292
22959
22960
22627
23293
23293
22959
23293
22627
23292
22627
25954
29282
27951
26287
23625
22959
24956
23292
22627
22959
23293
22627
23292
22959
22627
23292
22960
23292
22959
22627
23292
22960
22960
22959
24956
22960
22627
22627
22627
22960
23292
23292
23293
23292
22627
23292
22627
24290
22627
22960
23292
22960
22627
22627
22627
22960
22627
22960
22627
23292
41593
26952
28284
27618
28617
28284
28284
29947
23625
23625
22627
22627
22627
22627
22960
22627
22960
22627
23292
23292
22960
24291
22960
23292
22627
22294
22960
22959
22960
22960
22294
22960
23292
22627
24291
23292
22627
22627
22627
22627
22294
23292
22627
22627
22959
23293
22627
22960
22627
22959
22960
22295
23293
22959
22960
22294
22294
22627
22627
22294
27951
26952
30280
30613
30945
30946
30281
30613
28284
30280
30946
30613
30280
30946
29948
30946
30613
32609
26952
28283
27286
27951
27285
27618
27286
27951
27286
28617
23958
21961
29947
31612
29282
26620
29615
29615
32609
30280
29282
30613
30613
29947
29615
25289
30280
29615
26953
27286
28284
30280
29947
24956
22959
24957
31611
27618
26620
28283
28950
23625
22294
27951
30613
25622
42592
27618
27618
43257
23625
22294
22627
22627
22295
24291
22627
22627
22627
21962
22294
22627
21961
22627
22959
21961
21961
22627
27286
25621
29947
29282
28617
30946
28284
23625
21962
22294
21962
22294
22627
29282
29282
28617
27951
28949
76199
28949
22627
23958
28949
28616
24291
25622
22294
22627
22294
22294
21961
22294
22627
22627
22627
21962
22294
22294
21962
22294
27618
26620
39597
22959
27285
38931
22960
22627
22294
22627
22627
22294
22295
21962
21629
22294
21629
22294
27286
22294
22295
26620
21961
21629
22627
21629
21962
21629
22294
22295
22294
21629
22627
21962
53240
22294
21961
21629
21961
21961
21962
21962
22627
22960
21961
21628
22294
22294
22294
21961
22626
21629
22627
21962
22295
21962
21962
21962
21962
22294
22960
21962
22627
21629
22295
22294
28949
22627
21961
24291
26620
27285
26952
25954
25622
21962
21961
21961
21628
21629
22627
22294
21629
21961
21962
21962
22294
21629
22294
21962
23625
22294
21962
24623
21629
21296
21962
21961
21629
21961
21962
21961
21628
21629
22295
21961
22294
21961
21961
21961
22294
21629
21961
21961
33940
22294
21962
53240
22294
21961
21296
21629
21629
21629
21962
21962
21296
21296
21961
54238
21629
21961
21961
21629
21962
21962
21961
21961
30613
21962
21629
43590
22295
21296
21961
21296
21961
21629
21628
21629
21629
21961
21296
21628
21962
21296
21962
21296
21629
21296
21296
21628
34939
21961
21629
51244
21296
21629
21296
21628
21962
20963
21962
21295
21296
20963
21628
21962
21629
21628
21629
21296
21629
21629
21629
21629
31611
21629
21296
21629
21629
21295
20963
21629
20963
20963
20963
21296
21628
21296
21961
21296
54571
21296
21296
21629
21961
21629
20963
21962
28284
26287
21629
21962
25955
21962
21296
21961
21296
20963
21628
21628
21629
21296
21296
52574
20963
20963
21296
21629
21629
20963
21629
21296
28283
21296
20964
52574
21295
20963
21295
21629
21628
21296
20963
20963
21629
20963
21296
20963
21296
20963
21296
21296
20963
20631
20963
21296
33608
21296
20964
21629
20963
20963
21296
21296
21296
21296
21629
20630
20630
20963
20963
21296
52574
20963
20630
21628
21296
20631
21295
20631
21962
21629
20963
21629
21961
20963
20964
20964
21296
21296
20963
20963
20963
20963
21296
20963
49913
21296
20963
20963
20630
20963
20963
21295
20630
35271
21296
21296
49247
21295
20630
20963
20630
20630
20963
20630
21296
20963
20963
20298
20963
43923
20630
20631
20963
20963
20963
20963
20630
20297
23625
20963
20963
20298
20631
20963
20631
20630
20963
20630
20963
20297
20298
20964
20963
20630
20631
52907
21296
20631
20631
20964
20298
20963
20630
24291
21296
20963
20630
21628
20631
20963
20298
20297
20963
20630
20630
25954
24956
25622
36602
23625
23292
23293
20631
20630
20630
20298
20630
20631
20631
20963
20298
20631
20630
20963
20298
20631
20631
20630
20963
20631
20298
19965
20297
24624
25289
21296
20297
20631
20631
20298
20630
20630
20298
20630
20298
20963
21962
20298
20298
20963
20298
20298
20297
20630
20631
20298
20630
20298
20298
20297
20631
20631
20631
20297
20298
20963
19964
20631
20631
20631
20630
19965
20298
21296
20630
20630
20297
20631
20298
19965
19965
19965
20630
19965
20630
19965
20297
50245
20297
20631
20298
20297
19965
20297
20298
20297
20630
19965
25622
22959
24624
20963
20298
19965
22627
20630
19633
19965
20630
20298
19964
20298
19965
20630
19965
19965
20298
20297
19965
19965
19965
20630
19965
20298
20297
21296
20298
20297
20631
20630
20298
19965
19965
20297
19965
19633
20298
19965
19965
23293
20297
20297
20297
20298
19632
20298
19632
19632
20298
20298
19965
19633
20963
20963
19965
20298
19964
19965
19632
19965
19965
19965
20298
19964
19965
19632
19633
19965
19965
19632
19964
19965
19632
19632
19965
19299
19965
19632
19300
20963
19632
19965
19964
19965
19632
20297
19965
20298
19965
20297
19632
19632
19632
20964
19965
19632
19964
19965
19965
19965
19632
19964
19633
19964
19300
19965
19300
20630
19964
19965
19632
19965
19632
19632
19965
19965
19632
19633
19300
19300
19965
20963
19632
19300
19633
19300
19633
19632
19633
19632
19299
19299
19965
19632
19632
19965
19300
19632
19632
19632
19300
19632
19633
19965
19632
19965
19632
19632
19300
19965
19632
19632
19632
19299
19633
19633
19633
19633
19299
19965
19299
19633
19965
19299
19965
19300
19633
19300
19299
19632
19965
19300
19299
19965
19633
19299
19300
19632
19632
19632
19300
19300
19632
19299
18967
19965
19300
19300
19632
19632
19299
19299
19633
19633
19965
19300
18967
19299
19300
19299
19632
19632
19632
19300
19300
19632
19300
18967
18966
18967
18967
18966
19300
18967
18966
18967
19633
19632
20963
19299
19299
19632
19632
18966
19632
19299
19632
19300
19300
19964
19300
19632
21296
19965
19965
19632
19299
19299
19965
19632
51243
19299
19299
19299
19299
19299
19633
18967
19632
19299
19300
19300
18966
19300
19300
18966
19300
19299
19300
19300
19632
19300
19300
19300
19299
19299
19632
69545
19632
22294
19965
18967
19299
18967
19299
18966
18967
19299
18967
19299
18966
18967
19632
21629
19965
19632
18967
20297
18967
19965
18634
18967
18967
19300
18967
18967
22294
19299
18967
19299
18967
19300
18966
18967
18967
18966
18634
18967
18634
19299
18966
19300
18967
18634
18966
18634
18634
18967
18634
18634
49912
18967
18301
18633
19300
18967
18967
18966
18634
18634
18634
18634
18634
18966
19300
18634
18301
21296
18634
19299
18634
19299
18301
18967
18634
18966
18634
19299
18301
18967
117793
18966
18634
18634
18634
18634
18966
18302
18967
18634
18966
18634
20963
18967
18301
18634
18634
18301
18301
18967
18634
18634
18966
18967
18967
52574
18966
18634
18634
18634
18301
18634
18634
18634
18634
18966
18634
18966
18302
18966
18967
20298
19965
38599
24291
31944
43258
21296
32277
18967
18966
18967
18302
18301
22959
22294
22627
23625
19300
18634
18967
18634
18301
18301
18634
18301
18301
18967
18634
19965
18634
18634
17968
18967
18302
18634
18301
18634
17968
18634
18301
17968
17969
18634
17969
18301
41927
18634
18302
18302
18301
18634
18301
18634
17969
31611
18302
18301
18301
48582
18634
18301
17968
18301
18301
18634
17968
18301
17968
17968
17969
18301
17968
18634
18302
18301
18634
18301
17636
18301
17968
18302
19300
18634
18301
18301
18301
17968
17968
18301
18301
18634
18301
17968
18302
18634
17969
18634
18301
49912
17968
18301
17968
17969
17969
18301
17968
18634
30946
18966
17969
18301
41594
18301
17968
18301
17968
17969
18301
17968
17969
17969
17968
18301
17636
18301
50245
18634
17636
18301
17968
17969
17969
17968
17968
25622
18301
22960
21296
18634
17636
18302
18634
17969
17635
17969
17968
17968
17969
18301
17969
17968
18302
17636
17635
18302
17969
17968
17636
17636
17969
20297
17635
17968
17636
19965
17968
18301
17636
17635
17969
18301
17635
17969
17968
18301
17636
17636
17635
18633
17636
17969
17636
17969
17636
17635
17636
17968
19964
18301
17636
17969
47250
18301
17968
17636
17969
17968
17303
18301
17635
17303
17635
18302
17303
17968
18301
17969
17636
17636
17968
17636
17636
17636
22627
18301
17636
17636
17968
18302
17303
17969
17303
17969
17636
16970
17303
17969
17635
17303
17303
17969
17636
18301
17968
17636
17303
17636
17303
17968
17968
17635
19300
17636
17636
17635
45919
17969
17636
17303
16970
17303
17303
17303
17303
17636
17303
17636
17302
17303
18634
17636
16970
17636
17303
17303
17303
17969
17303
24290
17303
17303
17303
49247
17636
17635
17303
17636
17302
17635
17303
17636
16970
17636
17303
17303
17635
48248
17303
17636
16970
17636
17303
17303
16970
17636
29947
18301
17303
17303
17303
17303
17303
17303
16970
17303
16970
17303
17303
17303
17636
17636
17303
17303
17303
17636
17303
16970
16970
17636
16970
17303
16970
17636
17969
17303
16970
16970
18301
17303
16970
17303
16970
16970
16638
17635
16970
16970
17303
17303
16971
16970
50911
17635
16637
16971
17303
17303
17303
17303
16970
23958
16970
17302
16970
41593
16970
16970
16638
16970
16637
17303
16970
16970
16638
16970
16970
16971
16970
16970
17636
16970
18634
16970
16638
16637
16637
16970
24956
17635
16970
16971
16638
18301
16970
16638
16638
16970
16637
16638
16970
17303
16970
16971
16971
17303
16970
57899
17303
17303
21296
21628
17303
16970
22960
17303
20298
17969
16970
17303
16305
16637
16970
17303
16637
16970
16638
16637
16305
16637
16638
40595
17303
16970
16305
16638
16638
17303
16637
16970
19965
17636
16971
16971
16304
48248
16637
16970
16638
16970
16638
16970
16637
16971
16304
16305
16305
16970
16305
45919
16638
16970
16637
16305
16970
16638
16637
16638
27285
17636
16637
16638
16305
48581
16970
16637
16305
16638
16305
16637
16638
16970
16305
16637
16638
16638
15972
48249
16637
16971
16637
16638
16304
16638
15972
16304
26952
16971
16305
16638
16304
40263
16970
20298
21296
52242
19965
20630
19965
21962
48582
19965
21629
23292
20630
21962
27285
21961
21961
21296
20630
21961
16638
16305
15972
16305
16304
16637
16305
16638
16304
16304
16305
17303
16637
16305
16305
16638
15972
16305
15972
15972
16970
16970
15972
16304
16305
39597
16304
16305
15972
16304
15972
16305
15972
15972
15972
16305
15972
16304
15972
16638
47583
16637
16305
16305
15972
15972
15972
16305
15972
28616
15972
16305
16305
15972
17303
16305
15972
16305
15639
16305
15972
16305
15971
16305
15972
16305
15639
16305
16638
16305
15972
16305
15972
16304
15972
16305
15972
16970
16970
16305
15972
15972
45586
16305
15972
16305
15972
15972
15307
15972
15972
16638
16305
16305
15972
15972
15639
45919
15972
15972
15972
16305
15972
16305
15972
15972
25621
16305
16305
16305
15972
37933
16305
16304
15972
16304
15639
15640
15972
16305
15640
15971
15972
15972
15972
15972
45587
16304
15972
15639
15972
15972
15639
15972
15639
27619
15972
15972
15639
16305
46252
15972
15639
15972
15640
15971
15640
15972
15639
15639
15972
15972
15639
15639
15639
16638
15306
15639
15307
15972
15306
15972
15972
15639
23958
16305
19632
16637
18634
19964
18966
20963
22295
16638
16305
16304
15306
15971
15307
15639
15306
15972
15306
15972
15972
15307
15639
15639
15307
15639
20297
15972
15306
15639
15306
45587
15972
15972
14973
15971
15307
15972
15306
15639
15306
15306
15307
15972
15972
15639
16304
15972
15307
15306
15306
15639
15639
15306
15307
25621
15306
15639
15306
15307
39930
18966
15639
15640
15306
19965
15639
15972
15639
15307
15306
15640
15306
15640
15306
16304
15639
15306
15307
15639
15307
15306
15307
15307
15639
15972
15306
15639
15306
15972
15306
15639
14974
15306
15307
15306
14974
15306
15307
15306
15307
15306
15307
15306
15639
15639
14974
15307
14974
15307
14641
15639
15306
14974
17636
15972
15307
15306
14973
15972
15306
15639
14973
14973
15307
15307
14974
14974
15306
14974
14641
15306
14974
15306
45587
15639
14641
15306
14973
15307
14641
14973
14641
19965
15307
15306
14974
15306
14641
15307
14974
14974
15306
14641
14974
14973
14640
14974
14974
14974
14974
14974
14641
15306
15306
14974
14973
15307
14974
14974
14641
15307
14641
27285
15639
15307
14973
14974
40596
15639
15306
14974
14974
14973
14974
14974
14973
18301
18967
40928
14974
20297
18634
18301
18966
15639
14641
14973
17303
15639
14641
14974
14641
15640
15306
14641
14974
14974
14641
14641
14309
14974
14641
14974
14641
14641
14641
14641
45254
15306
27286
18634
14974
14973
14641
14641
47250
15306
14308
14974
14641
15306
14641
14974
14641
14974
14641
14641
14641
14973
14973
14641
14973
14641
14641
14974
14641
47251
20297
21296
17969
19965
14973
14308
14974
14641
14308
14973
14641
15306
14641
14641
14641
14641
14641
14308
14308
14640
14309
14641
14308
14974
14308
14308
14308
14308
14309
14641
14308
14641
14641
14308
14308
14641
14308
14309
14308
14308
14308
14641
16637
16970
14641
14641
13976
14308
14308
14641
14308
14974
14309
14641
14308
14641
14309
14641
13976
14974
15639
14308
13976
14308
14308
14308
14308
14641
13976
14308
14308
14309
14308
14641
14308
14308
13976
14641
14308
14973
14308
14309
14308
14308
14308
14308
13976
14308
13976
14308
14308
14309
14641
14308
14308
14308
13975
13975
13643
14641
13975
14309
14308
13975
13976
14308
13975
14309
14308
14308
14974
14308
13976
14308
13975
14308
13976
14308
14308
14308
13975
14308
13976
14641
14308
14308
13976
15639
13976
13976
13975
14308
13975
13975
13975
14308
13975
13975
13642
14309
13975
14308
13976
14308
13976
13975
14308
14308
13975
14308
13975
14308
13643
13975
13976
14308
13975
13976
13976
14308
13975
14308
13643
13976
13975
14308
13642
13975
13976
13976
13975
13975
13976
14308
13643
13976
13642
14308
13975
13975
13643
13975
13975
13975
13643
13976
13643
13976
13975
13975
13975
13976
13976
13975
13643
13643
13643
13975
13642
13642
13642
13643
13642
14308
13643
13643
13643
13976
13310
13643
13310
13976
13642
13309
13642
13975
13976
13643
13643
13643
13976
13976
13643
13976
13643
13975
13643
13976
13642
13643
13310
13643
13643
13976
13310
13975
13643
13643
13310
13642
13976
13643
13309
13975
13643
13975
13643
13643
13310
13975
13310
13975
13643
13643
13309
13643
13310
13642
13310
13643
13643
13310
13642
14973
13642
13643
13310
13643
13310
13643
13310
13642
13643
13642
13310
13643
12977
13310
13310
13310
14641
13976
13310
13976
13642
13643
13310
13643
13310
13310
13643
13643
13310
13643
13643
13309
13310
13643
13310
13643
13643
13310
12977
13975
13642
13310
13310
13310
13310
13310
13310
13310
13310
13310
12977
13310
13643
13310
13310
13310
13310
12977
13310
13642
13642
12977
12977
13310
12977
13310
13310
12977
13310
13310
13643
13310
12978
13310
13310
13310
13310
13310
13310
13642
12977
12977
12978
13310
12978
14641
13310
13643
13310
13310
12977
12978
12977
13310
12978
13310
12644
12977
12978
13310
12645
13310
12977
13975
13310
13310
12977
13309
12645
12977
12977
13310
12978
13310
13310
14641
15972
17968
15306
16638
18301
25289
15639
13643
13310
12977
12978
13310
13310
13310
12645
13643
13310
14974
13310
12977
12977
12977
12645
12977
12978
13310
12977
13310
12977
13310
12978
12977
12977
12977
12977
13309
12645
12977
12977
12978
13310
13309
12977
12977
12977
12644
12977
12977
13310
12978
12644
12977
14308
12977
12644
12978
12977
12977
12977
13309
12977
12645
12977
13310
12645
12644
13310
12977
12645
14309
12644
12977
12644
12644
12977
12978
12644
12644
12645
12645
12644
12978
12644
12644
12645
12978
12977
14308
12645
12644
12977
12645
12977
12644
12977
12645
12644
12644
12644
12644
12645
12977
12977
12644
12977
12645
12645
12645
12644
12644
12644
12645
12645
12645
12311
12977
12644
12645
12645
12977
12645
12312
12311
12977
12645
12977
12311
12644
12312
12645
12645
12645
12644
12311
12312
12977
12645
12645
12645
12312
12312
12977
12312
12644
12644
12977
12312
12645
12312
12644
12644
12644
12644
12644
12644
12644
12312
12644
12311
12645
12645
12312
12645
12645
12312
12645
12312
12312
12644
12644
12644
12645
12312
12645
12312
13643
12645
12312
11979
12644
11979
12644
11979
12311
11979
11979
12312
12312
12312
12312
12312
12312
11979
11979
12312
12312
12312
12312
12311
12311
11979
12311
11979
12644
12644
12312
11979
12312
12312
12645
12312
12311
12311
12312
11979
12312
11979
11979
12312
12645
12312
11979
11979
12644
11979
11979
12311
12311
11979
12312
12312
12312
12312
11979
11979
12312
12312
12311
11979
12312
11979
12311
11979
12312
12311
11979
11979
12312
12311
11979
11979
12312
11979
11979
11979
12312
11646
12311
11979
12312
12311
11979
11979
11979
12312
11979
12977
11979
11979
11647
11979
11979
11646
11979
11646
12311
11979
11979
11979
12312
11979
11647
11979
11979
11979
11979
11646
11979
11646
11979
11979
11646
11979
11979
11646
11979
11646
11979
11979
11979
11979
11646
13310
13976
11979
11979
11646
11647
11646
11979
11979
11647
11646
11979
11979
11979
11647
11979
11646
13309
11646
11979
11646
11979
11646
11646
11646
11979
11646
11646
11646
11979
11647
11646
11314
11646
11979
11646
11979
11979
11647
11646
11646
11647
11646
11646
11314
11979
11646
11314
11646
11646
11314
11646
11646
11979
12977
11647
11313
11979
11646
11646
11646
11646
11646
11646
11646
11646
11646
11646
11313
11646
11314
11647
11646
11979
11313
12644
12645
11979
11646
11646
11646
11646
11646
11314
11979
11314
11646
11313
11313
11646
11314
11313
11314
11646
11313
11313
11647
11647
11314
11313
11646
11313
11314
11314
11314
11646
11313
11646
10981
12645
11313
11313
11313
11313
11313
11647
11314
11646
11646
11314
11314
11646
11313
11313
11314
11646
11314
11314
11314
11646
10980
11646
11313
11313
11314
11314
11314
11313
10980
11313
10980
11646
11313
11313
10980
11313
10980
11313
11314
11314
10981
11314
10981
11314
11313
11313
10980
11313
11313
11313
11313
11313
10980
11313
11314
11314
11313
11313
11314
11314
11314
11314
11313
11313
11313
11313
11314
10981
10981
10981
11314
10981
10981
11314
11979
11646
10981
11314
10981
11314
11314
10980
10980
10981
10981
11313
11313
10981
10980
10981
10981
10981
10981
12311
10980
11313
10648
10980
10981
11313
10980
10981
10981
11313
10981
10648
10981
10981
11314
10981
10980
10980
10981
10981
10980
10981
10648
10981
10648
10981
10648
10981
10648
11313
11313
10981
10981
11313
10981
10981
10981
10981
10981
10981
10980
10981
10980
10981
10981
10981
10981
10648
10981
10981
10981
10981
10648
10980
10648
10648
10981
10981
10648
37600
13975
21961
14974
10980
10648
10981
10648
10648
10648
10980
10648
10981
10981
10980
10648
10648
10315
10648
10315
10648
10648
10648
10315
10648
10648
10648
10316
10981
10315
10648
10648
10648
11646
10981
10315
10648
10315
10648
10315
10980
10648
10648
10648
10648
10648
10648
10315
10648
10648
10981
10315
10648
10648
10981
10648
10647
10315
10981
10315
10648
10648
10648
10316
10315
10315
10648
10315
10315
10315
10648
10981
10316
10648
10648
10315
10648
10315
10981
10648
10315
10315
10648
10315
10315
10648
10648
10316
10648
10315
10648
10316
10315
10315
10315
10315
9982
10315
10315
10315
10315
10315
10315
10315
10316
10316
10648
9982
10315
10315
10316
10315
9982
10316
10316
10315
10648
10316
10316
10315
10315
10315
10316
9982
10315
10315
10316
9983
10648
10315
13310
11979
10648
9983
10316
9982
9982
9982
10315
9982
9983
9982
10316
9982
10315
9982
10315
9983
10316
13975
11646
10315
10316
10315
10315
9982
10315
10315
9982
9982
9982
9983
9983
13643
11979
12644
12645
10315
10315
11979
10648
9982
10315
10316
10315
9983
9983
10315
9982
9982
9649
9983
10316
9650
9983
9982
10315
9983
9983
9650
9982
9982
9983
9983
9982
9982
9982
9983
10315
9982
9982
9983
10316
9650
9649
9983
10316
11646
26953
10315
10315
9982
9650
9650
9982
9982
9650
9982
9983
9982
9983
9982
9982
9649
9983
9649
9650
9650
9982
9982
9983
9650
9982
9317
9983
9650
9649
9983
9650
9317
9649
9650
9982
9650
9982
9649
9982
9650
9650
9649
9650
9649
9650
9650
9983
9650
9649
9649
9650
9650
9650
9317
9650
9317
9649
9650
9982
9649
9650
9650
9650
9649
9650
9649
9983
9650
9649
9650
9649
9317
9317
9317
9650
9650
10981
9317
9649
9649
9650
9317
9650
9317
9650
9650
9649
9649
9317
9650
9317
9649
9317
9317
9650
9317
10648
9317
9649
9317
9650
9317
9649
9317
9317
9650
9649
9317
9317
9317
9649
9317
9317
9650
9650
9317
10981
12977
10315
9650
9650
9317
9317
9650
9317
9317
9317
9650
8985
9317
9317
9317
9317
9317
9317
9317
10315
9650
9317
9650
9317
8984
9317
9317
8984
9317
9317
9317
8985
8985
8985
8984
9317
8984
9317
9317
9317
9317
9317
9317
9317
9317
9317
9317
9317
8984
9317
9317
9317
9317
9317
9317
9317
8984
9317
9317
8984
9317
9317
8985
9317
8985
8984
8984
8985
8985
9317
9317
8985
8984
9317
9317
9317
9317
9317
8984
8985
8985
8985
12311
12977
9650
9317
8984
8984
8651
8984
8985
8985
8984
8984
8985
8985
8652
8984
8985
8984
8984
9317
8985
8984
8652
8984
8651
9317
8984
8984
8652
8985
8652
9317
8652
8984
8652
9317
8984
8985
8652
8984
8984
8984
8652
8984
8652
8652
8651
8984
8651
8652
8652
8652
8652
8651
8319
8652
8652
8984
8651
8984
8652
8984
8652
8984
8651
8984
8652
8652
8652
8651
8651
8984
8651
8651
8319
8984
8651
8651
8652
8984
8651
8651
8652
8652
8652
8318
8319
8985
8652
8651
8318
8985
8652
8651
8984
8984
8652
8318
8651
8652
8319
8984
8319
8984
8984
8652
8652
8651
8651
8319
8651
8652
8652
8318
8319
8651
8651
8652
8319
8652
8319
8651
8319
8651
10981
8652
8651
8651
8319
8319
8651
8319
8319
8318
8319
8651
8318
8651
8319
8319
8651
8319
8318
8319
8318
9650
8651
8652
8319
8651
8319
8651
8652
8652
8318
8652
8652
8319
7985
8319
9982
11313
9317
8984
8319
8652
8319
8651
8651
8652
8319
8318
8319
8651
8319
8318
8319
8652
8318
8319
8319
7986
7986
8652
8319
8319
9316
8318
8318
8319
8318
8319
7986
8319
8319
8651
7986
8318
7986
8319
7986
8319
8318
8319
8318
8319
7986
8319
8318
8318
8319
8651
7986
8318
8319
8319
7986
8319
7986
8319
8319
7986
7986
7986
7986
8318
8652
7986
7986
9650
7986
8319
7986
7986
7985
7986
7986
8319
7986
7986
7986
7986
7986
8319
7986
7986
8319
8319
7986
8319
7986
9317
7986
7986
7986
7986
8318
7986
7653
7986
7986
7986
7986
7986
7653
7986
7986
8318
7986
7986
7986
7985
7653
7653
7986
7986
7986
7653
7986
7986
7986
7986
7985
7986
7653
7653
7986
7986
8319
7653
7986
7986
7986
7986
7986
7986
7986
7653
7986
7653
7986
7653
7653
7986
7653
7986
7986
7986
7986
7653
7986
7986
7985
7654
7654
7654
7986
7653
7653
7653
7986
7654
7654
7986
7653
7653
7653
7653
7653
7653
7986
7653
7653
7653
7986
7653
7653
7653
7653
7986
7321
7986
7653
7653
7653
7986
7653
7986
7654
7654
7653
7654
7653
7653
7320
7653
7653
7653
7653
7654
7654
7653
7653
7653
7653
7321
7653
7653
7653
7321
7320
7653
7653
7653
7653
7321
7653
7654
7653
7653
7320
7321
7653
7986
7653
7320
7321
7320
7320
7653
7654
7653
7320
7320
7321
7653
7653
7320
7321
7320
7321
7320
7321
7653
7321
8651
7320
7320
7653
7653
7321
7653
7653
7320
7321
7654
7320
7321
7320
7653
7320
7321
6987
7320
7321
7320
7320
7321
7320
7320
7320
7653
7321
7320
7320
7321
7320
7321
7321
7653
6988
7320
7321
7320
7320
6988
7320
7321
7320
7320
6988
7320
6988
7320
7320
6988
7320
7321
7320
7654
6988
6988
7320
7321
7321
7320
7321
7320
7321
6988
6988
7320
6988
8319
8985
9650
10315
10980
10315
10648
10980
10648
9982
10648
10315
8319
6988
6988
7321
6988
6988
6987
6988
6987
6655
6988
6988
7321
6987
6988
6655
6655
6988
6987
6988
6988
6988
6987
6988
6987
6988
7320
6655
6988
6988
6987
6655
6988
6988
6987
6988
6988
6655
6988
6988
6655
6987
6988
6655
6988
6655
6988
6988
6655
6988
7321
6988
6987
6988
6988
6987
6988
6655
6988
6655
6655
6655
6988
6988
6655
6987
6988
6655
6987
6655
6988
6655
6988
6987
6988
6655
6655
6655
6988
6988
6655
6655
6987
6655
6988
6655
6655
6655
6655
6655
6655
6655
6655
6654
6987
7654
6987
6322
6655
6655
6655
6655
6988
6655
6655
6655
6655
6322
6655
6654
6988
9649
8651
8652
8984
8652
9650
6988
7654
6655
6655
6322
6655
6655
6655
6323
6655
6323
6655
6323
6655
6323
6655
6323
6323
6323
6655
7986
6655
6655
6322
6655
6655
6655
6655
6655
6322
6655
6655
6322
6655
6655
6655
6322
6322
6322
6655
6322
6322
6323
6655
6322
6655
6323
6323
6322
6323
6323
6655
5990
6655
6655
6322
6322
6655
6322
6322
6323
6323
6323
6655
5989
6322
6323
7653
6655
6322
6322
6322
6322
6322
6323
6323
6323
6322
6322
6322
6322
6323
6322
6322
6322
6322
6323
6322
6322
6322
6322
6655
6323
6322
5989
6323
6322
6323
5989
5990
6322
6323
6322
6322
6322
6322
6323
6322
5989
6322
5990
7320
6322
5989
5990
6322
5989
6322
5990
6655
5990
5989
5990
6322
5990
5657
5989
5989
6323
5989
5990
5990
5324
5990
5989
5990
5324
5656
5990
6322
5656
5657
5989
5990
5324
5989
5989
5989
5989
5990
5989
6322
5990
5657
5990
5656
5657
5657
5990
6322
5324
5657
5657
7321
5990
5657
5989
5657
5324
5657
5989
5657
5324
5656
5989
5657
5324
5656
5990
5657
5324
5990
5989
6322
9650
5990
5989
7321
5657
5657
5990
5324
5324
5656
5657
5656
5324
5324
5657
5990
5656
5657
5657
5324
5657
5324
5657
5657
5324
5324
5657
5657
6322
5990
5657
5990
5656
5656
5656
5657
5657
5324
5657
5657
5656
5657
5657
5990
5657
5324
5324
5324
5324
5324
5656
5324
5324
5324
5657
5324
5324
5324
5324
5324
5324
5990
5657
6322
5657
5324
5657
5657
5324
5324
5657
5657
4991
4991
5324
5324
4991
5324
5656
5324
4991
5324
5656
4991
5324
4992
5324
5324
4992
5324
5324
5324
4991
5657
5324
5990
4991
5324
5324
5324
5324
5324
5324
5990
5324
4991
5324
4991
4992
4991
5324
5324
4991
4991
5324
4991
4658
4991
5324
4991
4658
5324
5324
4991
4991
5657
5324
5657
5324
4991
5324
5324
4991
4992
4991
5323
4992
4991
5324
5324
4991
4991
5324
5324
4991
4991
4991
4991
4991
4992
4991
4991
4992
4991
6988
5324
4658
5657
4991
5657
4991
4991
5324
4991
4992
4992
4991
4991
4659
4658
5324
4991
4992
4991
4991
4659
4658
4992
4991
4991
4991
4658
4991
4992
4991
4992
4991
4991
4992
4991
4992
5323
4659
4658
4991
4658
4659
4991
4992
4991
4658
4659
4991
4326
4659
4659
4658
4992
4325
4658
4992
4658
4659
4658
4992
4658
4659
4659
4991
4659
4658
4659
4991
5989
4992
4658
4991
4658
4659
4658
4659
7653
5324
4991
4991
4658
4659
4658
4659
4992
4991
4658
6988
4991
4991
4658
4992
4658
4658
4658
4659
4658
4992
4991
4659
4658
4659
4991
4991
4659
4991
4326
4658
4326
4658
4659
4326
4659
4658
4325
4659
4658
4659
4659
4658
4326
4658
4658
7320
4658
4658
4659
4658
4658
4659
4658
4659
4326
4326
4659
4326
4658
5657
7320
4658
5989
5324
4659
4326
4326
4658
4325
6988
4659
4326
4326
4326
4326
4658
4658
4658
4326
4326
4325
4326
4326
4659
4326
4325
4326
4326
3993
4326
4326
4326
4326
4326
4326
4326
4326
3993
4326
4326
3993
4326
4326
3993
4326
3993
4326
3993
4326
4326
6322
4659
4326
4325
3993
4326
3993
4326
3993
3993
4325
7321
4659
4325
3993
4326
4326
3993
4325
3993
4326
3993
3993
4325
4326
3993
3993
4326
4326
4325
3993
4325
4325
3993
3993
3993
3993
4325
4658
3993
4326
4326
4326
4325
4325
4325
3993
3993
3993
3993
3993
3993
5657
4659
4326
3993
3993
4325
3993
3993
3993
3993
3993
4325
4326
3993
3993
3993
3993
3993
3993
3993
3993
3993
3993
4326
3993
3993
3993
3660
3993
3660
3993
3993
3993
3993
3993
3660
3993
3993
4326
4326
3993
3993
3993
3993
3660
3993
3993
3660
3993
3993
3993
3993
3993
6323
4326
3993
3993
3993
3993
3993
4991
5657
4991
4991
3993
3993
3660
3993
3660
3660
3660
3993
3993
3993
3660
3993
3993
3660
3661
3660
3661
3993
3660
3660
3661
3660
3660
3993
3660
3660
4326
3993
4658
4326
3660
3660
5324
4325
3661
4991
3993
3660
3661
3660
3660
3661
3660
3661
3661
3660
3993
5324
5989
9317
5989
32942
5657
6655
4991
6988
5990
4659
5657
4991
6655
4326
4326
4991
4326
3660
3660
3660
4992
4992
3660
3993
3660
4325
3993
3661
3660
3328
3328
3661
3327
3327
3660
3328
3328
3328
3327
3328
3661
3328
4991
4659
4991
4992
4991
5324
6655
4659
5990
4658
4326
4326
5324
4991
5324
4658
4658
5324
5324
6322
4659
6655
5657
5324
5324
5324
4992
4659
4658
5324
4992
4658
5657
4326
3328
4991
4991
5324
4991
4326
4991
5324
4659
4992
6988
5657
7321
4326
4991
4659
4992
4326
4325
4659
4659
3993
4659
4991
4991
4326
4658
5324
4659
4325
4326
4659
4326
3661
4326
4659
3993
3660
3993
4991
4991
4659
4659
4659
3993
4658
4326
4991
4326
4326
4991
4991
4326
4659
4659
4991
4991
3993
6322
4659
4325
3993
4992
4659
4325
4326
4326
4991
4659
4325
4658
4325
4325
4325
4659
4991
4658
3993
4658
4659
5324
4658
4658
5324
4658
4659
4991
5324
5990
3993
4326
4326
5324
3661
4326
4991
4991
4325
3993
4659
4658
3993
4659
4992
4991
4659
4658
4991
22294
4659
4658
4992
4991
3993
3993
4325
3993
3328
3660
3661
4659
3993
4659
6655
6322
4992
4325
5990
5657
6988
51908
4991
4326
3993
3993
4326
6322
4658
4326
4326
4326
4991
4658
4658
5324
4992
3327
4659
2995
2662
2662
2329
2662
2330
3993
4326
3660
3993
2662
2329
2662
2662
2329
2330
2662
2662
2662
2662
2329
2330
2662
2329
2329
2329
2330
2662
2662
2662
2329
2329
2329
2662
2329
2329
2330
2662
2662
2330
2662
2329
2662
2329
2329
2662
2330
2329
2329
2329
2662
2329
2329
2330
2329
2330
2329
2329
2329
2329
2329
2329
2329
2662
2329
2330
2329
2329
2330
2329
2330
2329
2329
2330
2662
1997
1997
2330
2662
1996
1996
2329
2330
2330
2329
2329
2329
1997
2330
2329
2329
2329
2329
1997
2330
1997
2330
2330
5657
2662
1997
2329
1996
2329
2329
1997
2329
2329
2329
1996
2329
1996
2330
2330
2330
2330
2330
2329
1996
2329
1996
2329
1997
1997
1997
1997
2329
1996
2329
2329
1997
1997
1997
1997
1997
1997
1997
1997
2329
1664
1663
1996
2329
1996
1997
2330
1997
1997
1997
1996
1996
2329
1996
1996
1997
1997
1997
1997
1997
1997
1997
2329
1997
1997
1997
1996
1996
1664
1664
1996
1996
1996
1996
1996
1663
1996
2329
1664
1663
1664
1664
1664
1663
1664
1664
1996
