5324
6323
4991
4991
4991
4991
4658
4991
4991
4658
4658
4992
4658
4658
4991
4659
4659
4658
4658
4658
4659
4659
4658
4658
4659
4659
4658
4658
4659
4658
4659
4326
4658
4326
4658
4659
4658
4658
5990
4658
4658
4326
4326
4658
4659
4658
4659
4658
4659
4326
4326
4326
4658
5657
4658
4326
4326
4659
4659
4325
4659
4991
5324
4326
4326
4326
4326
4991
5656
4659
4326
6655
106147
8984
18634
5657
5324
5989
4658
6322
4991
4659
4325
5989
6655
5989
5657
4325
4326
4659
4658
5989
4659
4659
4326
4326
33940
4326
4326
4326
4326
4326
4326
4325
5656
4991
4326
4326
4326
5990
5324
5989
7321
6655
6655
5989
6322
6322
5990
6323
9649
6988
6322
4992
5657
5324
5324
5990
5657
5324
5324
5324
5324
4991
4991
5324
5657
4992
4658
4991
4992
6322
5324
4659
4658
5324
4991
4659
4326
4326
4659
4326
4991
4991
4992
5657
4992
4658
4659
5324
4325
4326
4991
4326
4325
4326
4658
5324
4326
4991
5324
4658
4658
4326
4325
4658
4659
4659
5656
5657
5657
5656
4658
4658
4658
4659
4326
5324
5324
4991
5324
5324
5989
4992
5324
4658
4659
3993
4326
4659
4992
4991
4992
4659
4659
3993
4658
4326
4325
3993
4326
4659
4326
4659
8318
4325
4326
4325
4326
4326
4325
3993
4659
4659
4659
4658
4658
4326
4659
4326
3993
4325
4326
4658
4326
4326
4326
4659
4992
5324
4326
4991
4658
4991
4658
4658
4659
4325
4658
4326
5990
4991
4659
4659
3660
2995
2995
5657
9649
2995
4326
2995
3660
2994
2995
2995
2662
2662
2995
2994
2662
2995
2662
2662
2662
2662
2662
2662
2662
2662
2662
2662
2662
2662
2662
2662
2994
2662
2662
2662
2662
2662
2662
2662
2662
2662
2994
2995
2662
2662
2662
2662
2662
2662
2662
2662
2662
2662
2662
2662
2662
2662
2662
2662
2662
2662
2662
2662
2662
2662
2995
2662
2330
2662
2662
2662
2662
2662
2662
2662
2329
2662
2662
2662
2329
2662
2330
2662
2330
2329
2330
2662
2329
2662
2330
2662
2662
2662
2662
2662
2329
2329
2329
2662
2662
2329
2329
2329
2662
2329
2329
2329
2329
2329
2330
2329
2329
2329
2329
2662
3328
2662
2329
2329
2329
2329
2662
2329
2662
2330
2329
2662
2330
2329
2329
2329
2330
2329
2662
2662
2330
2329
2330
2329
2329
2329
2330
2329
2329
1996
2329
2330
2329
2329
2329
2329
2330
2329
2329
2329
2330
2330
2330
2329
2329
1996
2329
1996
2330
1997
1997
3660
2329
1997
2329
2329
2329
1997
2329
2329
2330
1997
2329
2329
2330
1997
1996
3328
3993
2329
2329
2330
1997
1996
2329
2329
1996
1996
1996
1996
1996
1997
1997
1997
1997
1996
1996
1996
1996
1996
1997
1996
1996
1997
1996
1997
1997
1664
1996
1996
1997
2329
1664
1996
1996
1996
1996
1997
1664
1664
1663
1663
1664
1997
1664
1996
1664
1996
1663
1996
1997
1664
1664
1663
1664
1996
1664
1331
1663
1664
